70
75
150 874 700 155 400 357 522 355 867 978 148 537 55 135 479 34 721 276 442 667 1 971 515 388 629 996 697 63 792 822 73 318 263 59 15 891 257 593 111 35 130 398 352 134 392 249 753 850 745 862 553 776 797 297 357 816 853 832 119 224 745 879 656 528 934 930 454 377 246 999 893 646 467 443 668 
11
679 624 93 968 659 353 183 765 875 669 899 
15
634 90 702 825 704 113 618 107 281 396 324 596 563 768 407 
55
257 922 820 200 317 424 725 847 845 438 388 845 578 411 507 288 662 796 390 907 387 796 673 240 423 1000 876 193 675 750 922 24 235 46 927 96 87 812 943 693 157 374 92 578 8 78 466 984 985 95 470 166 912 551 818 
74
486 347 211 409 360 162 876 261 562 420 470 493 252 219 600 740 61 529 108 934 189 287 532 278 206 360 670 572 29 745 949 366 865 771 425 273 992 537 548 62 144 276 503 64 912 859 854 789 10 187 413 610 483 790 742 802 928 553 484 254 589 131 734 652 734 266 8 40 87 934 992 195 208 958 
15
421 607 496 161 981 85 591 674 588 255 812 465 76 455 836 
78
619 281 739 726 642 800 650 494 877 89 385 221 834 118 660 133 363 166 462 516 837 873 243 19 957 789 622 710 109 731 428 579 732 601 19 735 135 316 994 364 803 412 606 631 281 451 406 105 377 812 922 947 537 608 451 66 965 452 368 684 239 544 719 244 940 87 229 444 74 339 293 190 879 730 945 688 936 314 
32
490 388 514 390 257 450 546 127 193 343 109 153 592 232 965 629 720 749 791 81 278 203 237 388 38 646 516 592 853 517 918 963 
17
764 591 498 23 921 607 834 65 863 789 364 699 624 51 219 167 948 
5
631 521 975 448 140 
15
809 833 27 769 526 400 360 964 562 561 10 831 300 251 86 
44
151 598 254 631 317 785 551 788 989 259 420 686 707 493 852 671 182 372 730 685 975 891 694 982 31 248 91 773 226 621 895 31 754 887 766 933 421 278 795 918 608 508 863 132 
100
227 942 146 873 747 131 142 350 842 687 445 367 130 820 192 155 916 566 106 451 665 617 873 354 211 596 356 705 647 898 932 347 357 868 572 722 28 816 900 833 589 58 342 704 945 963 673 151 36 750 686 816 264 626 498 182 534 681 960 468 224 870 993 135 193 296 220 992 537 979 121 773 181 255 103 377 542 983 284 907 456 738 486 34 254 290 944 215 410 715 474 750 415 677 421 707 660 529 500 305 
90
130 799 404 447 442 563 414 985 308 75 37 365 10 900 961 611 618 983 853 413 421 624 693 258 159 142 820 558 175 112 831 267 44 441 814 316 736 169 291 904 852 815 602 51 33 280 443 127 206 836 679 975 930 449 605 125 742 769 286 69 70 442 728 988 971 995 169 396 690 449 931 95 776 989 897 530 307 461 871 78 567 228 806 80 400 889 90 454 329 719 
90
516 455 216 828 273 85 36 176 785 28 718 958 380 509 40 476 434 669 535 3 140 713 689 468 212 870 624 416 722 440 584 525 371 396 395 579 291 189 190 808 149 633 41 195 702 11 864 444 141 831 870 22 552 979 113 869 549 374 160 147 678 604 747 637 517 455 329 230 454 673 821 273 43 781 448 415 482 291 547 981 164 187 394 853 532 108 565 275 412 301 
20
18 816 3 250 844 754 618 150 270 952 713 958 232 480 624 391 345 219 175 367 
17
780 856 110 723 941 575 334 358 962 3 55 59 103 361 915 864 556 
49
430 119 547 729 476 268 751 931 462 914 345 322 31 820 914 980 879 979 200 168 238 796 143 659 835 974 960 87 708 667 86 579 71 63 609 84 528 610 502 67 349 754 326 488 169 164 279 275 437 
18
454 819 184 109 878 381 181 762 486 665 360 884 447 258 462 446 410 47 
26
99 50 233 52 954 12 46 79 976 750 824 672 241 984 679 970 763 521 578 781 599 936 297 233 460 199 
42
874 106 662 987 561 408 954 948 341 57 246 750 720 560 6 129 152 346 879 452 339 507 546 565 919 961 451 796 442 567 110 665 113 64 305 834 610 514 843 788 475 315 
73
756 953 744 409 409 894 408 944 969 292 973 499 423 313 999 34 723 220 757 170 965 415 463 553 780 937 413 478 368 153 185 35 881 35 156 141 143 392 312 871 21 635 519 191 111 203 165 774 784 536 371 848 64 599 755 176 235 291 97 81 578 738 85 142 127 366 762 586 872 888 189 647 437 
80
322 146 823 685 92 330 468 964 194 601 535 464 143 49 28 531 767 902 71 709 393 855 444 475 647 963 247 903 982 228 413 849 725 294 603 302 716 656 940 801 367 631 930 440 265 933 865 808 306 40 995 379 695 752 747 270 45 211 326 2 261 444 90 880 831 923 200 877 651 975 181 438 538 899 199 489 135 522 31 997 
100
519 980 855 293 261 183 525 622 124 120 826 282 174 385 484 349 872 183 602 821 11 384 972 276 377 365 250 332 731 345 373 501 604 372 248 948 20 648 631 11 732 394 364 305 752 67 595 685 975 299 375 327 467 588 81 722 562 445 440 436 233 360 548 56 374 723 139 887 477 551 579 589 938 712 477 154 640 92 545 291 761 84 386 582 748 578 135 499 231 626 508 720 254 826 646 972 544 518 286 50 
76
836 213 515 397 736 671 33 336 175 362 257 400 722 955 681 941 22 571 871 454 684 527 85 608 384 739 333 537 168 592 594 683 242 718 9 655 777 127 588 545 625 327 157 898 160 616 29 44 861 508 147 848 660 348 250 992 526 521 976 803 243 310 643 297 825 362 884 531 586 967 221 590 418 784 143 541 
49
460 219 442 955 614 339 92 780 999 191 523 800 247 705 392 954 510 287 293 721 493 328 749 408 786 654 79 535 190 290 598 418 714 153 635 973 227 71 676 632 335 829 529 260 904 766 775 895 790 
85
953 165 780 940 823 277 422 742 819 530 424 192 261 420 585 422 215 532 720 735 923 583 934 968 586 172 651 559 914 21 236 319 235 756 707 6 194 565 981 535 982 370 342 804 842 552 342 930 93 593 122 898 234 458 249 484 816 969 493 619 585 888 635 234 124 976 315 38 605 778 115 594 518 505 583 540 224 960 656 773 977 97 986 958 608 
48
9 763 416 453 216 824 949 139 938 555 235 952 195 550 747 606 540 553 825 203 624 613 552 466 187 361 103 864 503 56 394 336 865 390 458 252 564 874 373 235 971 973 666 478 735 95 132 220 
83
933 656 127 84 635 181 419 415 796 207 728 877 227 302 818 291 89 924 522 672 3 500 445 395 406 98 278 606 545 232 820 373 205 293 164 284 460 874 815 737 498 754 932 937 811 663 277 733 906 996 901 748 956 573 78 922 746 152 523 513 622 863 433 772 104 955 506 50 277 246 648 795 80 420 767 9 111 935 655 11 655 597 713 
100
204 5 970 774 860 988 599 182 684 816 959 248 192 468 973 767 955 462 530 68 475 812 469 32 296 465 636 963 601 181 426 814 414 198 219 395 841 157 123 607 753 744 472 473 672 174 603 687 640 181 542 706 313 452 352 927 562 494 69 350 401 775 349 199 170 618 171 413 510 708 210 542 801 294 765 583 452 103 468 487 598 755 352 619 544 3 210 216 539 421 643 2 290 265 592 451 945 114 654 855 
20
535 988 243 280 491 150 451 456 385 766 69 311 674 570 814 316 742 948 889 946 
34
804 218 522 939 267 91 315 491 463 603 588 985 366 463 902 371 505 215 190 913 139 618 818 262 361 980 101 296 481 522 501 630 936 417 
10
275 946 47 433 329 99 112 284 704 50 
71
678 866 571 50 554 261 259 910 315 624 307 326 69 612 875 645 74 310 775 36 507 984 358 80 747 57 750 368 995 748 811 661 194 938 502 191 908 849 656 865 998 842 511 667 718 186 735 364 100 951 90 678 306 296 350 471 973 271 528 101 442 926 999 62 145 961 659 212 381 354 794 
39
153 421 966 764 746 545 847 222 232 356 600 517 166 505 90 946 309 308 955 247 333 411 312 569 119 359 664 544 438 380 405 255 509 984 157 908 179 969 75 
35
249 285 150 938 761 755 515 857 909 67 698 660 606 587 811 60 626 483 691 256 695 373 63 755 827 222 929 755 746 473 495 699 215 467 133 
47
662 80 44 619 602 79 553 74 936 155 189 123 384 750 19 75 975 780 16 911 744 89 589 419 506 30 793 927 883 855 162 812 527 698 526 382 860 829 684 315 486 481 283 792 848 27 826 
68
632 471 266 452 873 243 275 805 722 53 903 996 355 134 994 467 541 546 446 967 20 327 103 762 903 204 846 543 993 260 242 137 104 401 895 836 142 751 561 194 991 119 899 429 988 486 703 160 103 75 379 46 753 930 409 59 574 86 561 535 349 365 639 850 735 524 647 556 
42
29 318 84 615 949 137 648 554 590 101 853 766 285 694 572 782 413 775 80 124 115 305 108 277 353 188 411 834 961 755 696 227 40 826 275 230 635 649 593 641 889 413 
88
422 19 509 459 854 291 177 136 169 854 672 521 510 722 650 960 987 411 21 733 92 743 132 206 682 117 779 591 317 94 198 301 746 501 893 514 960 387 886 439 317 51 733 947 927 87 426 693 628 821 146 597 635 782 662 542 152 909 81 472 32 943 525 640 880 128 322 617 802 657 200 817 416 483 57 716 589 63 856 636 841 296 307 977 295 443 83 12 
55
80 455 941 780 211 393 700 371 507 383 151 515 261 429 671 57 66 975 810 21 399 766 671 436 268 990 871 145 839 410 493 50 479 543 192 500 970 402 751 363 746 727 685 636 881 133 189 328 204 100 604 746 366 263 807 
29
910 62 399 991 366 366 349 150 215 368 778 742 95 681 923 35 998 274 901 324 298 605 808 807 389 88 859 63 384 
80
709 724 798 109 854 712 392 997 19 615 379 226 730 564 24 59 858 287 245 667 778 828 206 606 927 823 59 660 966 83 911 417 467 703 832 7 7 860 208 528 851 939 30 829 922 698 769 483 603 678 342 975 22 212 290 352 867 949 698 866 441 7 575 390 626 509 394 757 667 499 222 475 193 963 415 694 696 952 169 700 
78
619 305 650 744 316 544 751 83 757 187 602 663 665 557 932 456 249 769 561 483 304 405 5 724 740 449 788 721 869 405 172 913 808 853 726 394 985 840 881 629 816 408 378 874 292 227 290 479 384 807 152 1000 904 989 547 47 670 446 417 117 634 757 252 215 918 196 279 942 532 757 736 865 948 98 331 416 561 25 
7
243 535 839 372 968 477 413 
67
522 869 91 367 824 233 610 606 351 538 76 128 303 461 642 202 423 724 949 496 228 870 597 584 345 555 842 5 892 596 519 101 355 801 670 299 217 855 715 887 656 359 59 787 25 436 941 298 416 216 962 318 587 868 177 58 706 834 852 851 843 321 994 271 933 149 550 
42
973 557 700 658 520 614 70 674 216 500 763 658 902 1000 49 425 104 242 224 265 98 870 633 56 510 545 77 740 413 944 901 213 194 163 824 563 38 767 188 563 724 546 
72
270 596 405 885 636 962 747 302 35 914 77 588 696 509 590 492 150 557 938 680 904 773 427 988 752 908 450 684 285 569 35 925 457 829 17 12 237 416 487 215 756 195 851 929 600 935 51 655 315 820 236 852 530 9 440 996 550 583 651 310 688 623 968 456 115 766 424 190 489 530 450 391 
21
906 882 85 432 169 889 116 584 688 164 872 739 481 282 61 386 669 154 843 835 542 
14
785 200 859 224 2 401 175 290 518 440 455 722 374 20 
94
778 252 452 262 401 413 652 161 936 564 960 574 228 868 462 946 431 671 458 566 270 703 743 267 356 424 412 475 591 914 935 610 698 222 416 97 351 340 5 784 442 64 671 408 563 827 684 847 883 217 416 313 176 326 315 266 978 212 195 841 446 788 320 763 783 153 89 289 775 939 540 469 301 556 285 131 462 300 941 334 314 191 614 700 65 31 459 915 998 646 947 949 294 461 
97
980 410 594 560 811 657 397 646 583 140 979 859 956 276 553 212 502 714 595 91 969 568 710 833 233 551 781 922 239 752 445 655 912 549 209 4 100 341 525 250 859 611 977 919 995 92 322 462 632 680 491 122 712 82 841 422 762 98 852 768 970 865 213 712 577 356 725 539 895 899 740 960 768 555 907 874 158 677 856 349 619 138 69 201 835 263 586 805 57 708 402 77 244 167 362 861 922 
6
126 344 322 761 290 458 
17
404 95 697 307 661 207 178 661 307 968 277 770 781 146 674 429 594 
69
181 279 994 33 292 623 841 99 11 234 589 731 137 7 843 349 843 650 978 770 104 181 926 851 240 936 324 367 599 939 886 219 202 936 48 572 989 146 611 735 162 793 403 657 998 772 711 716 423 394 552 71 587 10 718 222 657 450 840 584 45 643 675 832 347 492 212 447 314 
9
173 470 304 313 961 676 787 524 164 
52
628 641 239 811 97 822 112 497 755 91 47 734 638 82 284 631 459 665 612 411 833 538 281 284 944 341 377 637 389 686 82 472 401 543 14 150 66 809 212 331 658 512 180 699 684 27 811 471 810 887 931 920 
42
275 694 146 945 1000 5 108 471 876 722 476 359 694 409 254 94 614 20 183 874 699 993 915 930 471 900 569 156 831 971 795 464 430 522 712 141 568 562 105 368 25 627 
14
967 788 199 80 401 514 898 141 26 686 6 222 588 873 
80
390 28 181 468 140 693 991 815 269 193 324 500 68 232 743 785 698 960 509 347 419 533 845 299 991 840 515 14 966 596 653 557 778 283 663 157 505 759 316 413 933 701 628 640 88 419 942 36 702 19 690 187 184 316 687 724 540 383 449 830 353 139 930 716 346 904 313 80 301 439 941 40 95 567 262 40 387 130 701 726 
11
688 703 865 950 59 796 953 187 542 434 290 
9
408 522 938 101 42 5 158 466 936 
65
646 117 600 12 127 41 307 384 619 80 552 117 24 747 9 780 507 744 765 810 505 43 628 182 111 335 320 224 994 381 467 699 5 278 382 512 70 964 769 9 50 320 657 590 748 97 53 532 372 507 43 273 358 727 314 97 618 755 376 93 948 30 81 539 556 
98
373 325 405 130 608 867 334 959 183 25 746 303 677 911 967 577 148 88 259 273 793 627 871 869 665 642 439 423 748 455 503 149 276 283 914 52 828 387 423 253 371 965 793 995 165 672 364 432 116 551 143 221 971 304 91 617 503 338 518 254 680 702 153 22 646 72 749 513 240 259 816 300 690 242 416 912 55 649 758 749 982 697 722 337 346 65 341 259 368 857 676 820 918 796 519 999 746 70 
82
536 597 798 710 52 261 882 837 949 843 181 186 474 770 269 988 714 278 758 806 504 447 109 909 185 153 71 156 893 665 435 364 622 995 564 413 573 534 247 155 442 939 797 498 143 722 923 960 123 504 873 329 897 430 509 31 593 812 483 262 359 672 439 933 216 504 229 999 547 207 440 789 712 867 143 574 455 787 694 689 621 906 
57
193 452 566 509 238 138 382 665 19 592 830 56 412 444 70 699 214 38 400 951 167 852 724 167 799 91 356 707 505 395 524 787 148 536 953 364 923 674 993 236 191 279 855 803 442 85 647 475 636 499 77 558 661 769 879 546 777 
80
248 139 523 874 828 997 699 1 89 162 737 981 245 352 966 788 226 820 45 801 597 279 81 30 721 478 778 472 931 368 303 659 943 430 387 72 230 688 637 571 671 97 902 184 286 516 53 616 546 211 494 614 326 915 257 885 253 762 599 615 912 63 584 762 68 745 279 200 854 486 818 473 641 992 777 412 144 629 23 90 
19
632 438 634 177 395 678 235 211 950 464 284 741 582 707 926 136 687 164 510 
57
376 200 321 485 75 670 719 305 302 909 309 976 124 284 34 574 299 816 173 167 963 914 38 926 832 359 818 526 259 294 405 157 192 121 254 780 3 903 245 541 405 46 338 655 203 815 280 409 399 509 975 401 262 880 203 523 350 
81
266 721 74 955 786 34 360 834 312 991 136 123 630 990 877 168 661 889 197 75 611 688 524 619 608 826 239 116 403 336 239 73 832 795 819 476 656 809 891 288 77 522 61 867 684 485 780 753 872 57 828 487 759 420 681 940 489 161 870 895 360 370 348 489 629 143 967 471 975 406 629 159 553 12 370 375 300 132 605 617 623 
