636
98
79 59 82 15 60 52 26 9 23 9 82 77 45 93 95 29 26 83 80 41 42 62 37 26 41 26 93 26 40 86 28 10 27 93 90 6 36 88 50 87 68 89 77 86 51 60 8 75 76 81 80 83 51 97 30 4 3 17 21 52 100 54 67 90 38 49 97 49 33 22 18 66 56 40 13 33 44 32 31 88 43 95 22 41 1 20 62 70 17 56 76 95 45 27 91 1 27 45 
91
18
51 6 28 62 89 49 90 50 23 68 62 31 87 80 40 61 82 86 
6
54
70 43 53 8 60 37 3 12 92 17 84 22 91 54 39 36 7 16 28 72 98 15 27 12 95 82 47 61 82 98 23 89 83 44 32 99 80 65 72 27 5 28 23 42 49 68 48 75 87 12 5 100 84 91 
34
22
71 57 71 50 80 50 20 20 14 55 26 7 3 42 29 36 14 85 57 29 23 1 
20
99
52 61 8 81 20 95 23 85 68 6 21 65 79 94 96 1 89 4 41 92 22 72 86 86 83 99 100 73 56 27 68 91 16 47 13 24 16 46 15 74 27 41 67 40 51 33 68 54 52 67 76 66 80 79 84 86 52 57 34 73 96 55 1 52 51 50 95 28 19 43 58 95 59 75 60 95 19 36 55 34 48 15 39 33 53 82 65 29 23 25 34 49 87 53 10 86 77 2 55 
43
14
50 65 37 32 35 60 53 53 82 76 21 26 86 88 
9
59
92 68 42 68 74 15 62 82 3 10 5 77 67 76 60 25 7 54 35 5 99 6 79 96 29 54 39 68 76 100 89 82 40 47 63 63 34 8 72 80 85 46 59 44 55 4 13 95 68 80 55 66 65 97 47 18 3 65 3 
24
65
67 31 44 17 20 40 55 67 59 16 90 76 41 93 42 51 54 16 20 61 92 8 12 37 5 30 91 18 99 84 78 56 10 41 75 58 42 56 38 72 52 7 20 85 74 29 99 74 40 26 62 72 21 85 41 41 15 16 88 14 50 6 82 53 25 
47
25
31 97 78 72 9 62 68 90 5 83 71 24 57 30 21 64 61 86 25 80 59 84 51 9 30 
9
65
56 51 48 84 86 67 21 35 12 54 25 82 70 92 92 40 50 61 30 15 96 91 28 96 29 2 27 99 34 94 21 65 53 56 53 53 73 6 49 16 72 70 38 70 44 73 66 24 98 2 82 92 23 96 68 14 36 91 31 39 99 38 11 1 58 
23
65
31 81 71 86 95 6 17 87 95 97 72 84 66 70 12 4 60 2 63 94 75 91 75 91 77 94 42 15 40 95 81 1 10 5 65 1 83 24 69 92 92 32 69 44 65 63 22 40 43 100 44 63 21 56 72 73 86 90 4 75 46 48 13 51 19 
45
99
53 99 23 74 84 17 2 75 91 10 16 67 39 85 37 92 43 26 5 26 96 78 92 27 2 25 22 93 56 51 84 33 30 76 49 26 3 29 80 40 67 39 70 25 66 87 59 23 65 11 100 6 51 84 12 41 39 87 20 75 35 6 29 57 28 81 82 68 22 93 45 84 91 12 64 66 28 66 31 98 10 78 91 12 33 82 71 41 57 49 45 71 23 63 60 87 41 68 44 
18
99
3 93 47 61 29 49 43 32 39 57 41 18 75 34 18 5 27 28 59 62 47 33 50 43 80 39 86 86 50 39 21 47 45 78 73 80 49 32 96 64 33 22 69 19 83 43 35 80 24 23 52 42 81 2 56 97 11 94 15 47 5 9 29 36 64 75 13 10 56 39 86 98 18 68 57 93 30 61 1 43 14 62 22 27 87 35 56 85 58 100 8 49 93 22 94 19 78 69 55 
47
38
11 52 21 70 82 20 57 25 58 96 75 93 11 58 82 28 83 7 46 41 88 67 49 14 79 5 78 96 65 80 28 84 15 95 91 51 17 27 
26
26
51 77 27 52 26 2 20 15 94 55 30 94 72 87 63 78 54 32 98 80 31 39 54 36 92 84 
6
26
41 38 60 15 58 47 97 40 1 42 43 46 64 53 88 87 13 6 8 6 49 7 71 18 58 62 
12
26
17 93 82 78 1 62 3 36 64 42 47 61 48 28 8 82 22 8 90 75 96 75 77 57 83 24 
4
31
51 82 12 56 96 54 28 1 22 43 84 4 25 46 41 81 93 19 12 35 28 48 69 69 37 61 31 76 2 64 27 
28
42
96 72 29 78 42 62 52 23 75 19 84 84 27 1 75 4 43 16 91 7 23 89 32 21 69 23 70 12 52 54 87 19 40 61 55 99 85 10 78 65 35 84 
32
28
6 100 94 42 97 74 49 100 22 40 2 52 86 43 8 40 26 95 7 11 98 96 14 49 93 26 44 17 
12
79
26 41 43 70 48 37 56 7 95 41 16 50 37 40 63 91 46 22 46 26 19 54 25 48 44 62 20 27 97 55 51 98 62 37 52 41 29 91 23 88 93 68 34 36 92 4 6 68 77 9 16 45 21 16 12 46 41 34 42 45 46 77 52 59 61 46 42 1 51 97 93 59 5 45 55 67 10 8 3 
5
12
6 38 52 81 32 56 5 92 61 69 9 73 
7
19
18 33 82 75 84 10 98 43 69 32 18 29 56 46 17 73 7 56 30 
17
47
24 70 69 75 32 10 77 48 72 85 53 38 34 12 64 81 83 59 53 43 89 98 21 85 18 78 37 15 77 94 11 41 29 17 10 25 25 9 66 28 99 17 97 71 7 51 80 
37
37
66 48 65 90 59 84 38 71 28 20 14 13 23 66 34 61 92 34 37 71 62 41 99 65 40 18 65 40 87 95 18 67 57 62 1 77 70 
20
80
83 26 71 51 71 81 57 62 24 86 79 43 35 92 22 83 42 43 56 99 56 31 44 83 80 67 33 33 55 49 69 39 79 10 13 78 20 40 22 9 34 25 64 68 6 7 76 74 97 84 87 42 25 83 15 15 60 10 20 27 65 42 15 33 83 79 18 24 15 57 28 29 32 58 22 14 77 91 75 74 
43
81
4 34 3 36 65 44 4 73 45 20 80 27 96 10 87 100 4 96 51 90 4 96 1 71 56 60 52 22 80 42 74 32 29 100 91 98 57 54 50 50 62 38 17 41 29 15 53 43 58 93 36 31 87 76 28 25 17 89 76 13 47 80 71 65 51 77 28 35 22 70 52 84 43 37 89 39 69 82 26 31 86 
46
90
68 4 30 80 17 7 42 93 77 62 38 38 1 86 80 99 50 53 69 63 52 5 61 68 65 47 56 91 32 84 42 71 66 67 34 2 74 13 94 28 20 95 40 16 50 64 79 73 77 18 16 56 56 43 42 80 66 45 33 38 56 42 14 28 83 5 34 54 60 60 57 90 56 90 47 70 34 36 10 69 3 95 28 63 59 5 5 26 11 92 
28
64
96 60 66 71 100 16 14 57 21 88 9 6 52 65 29 3 28 15 13 40 21 42 57 40 27 78 16 24 54 81 77 83 78 3 68 75 86 38 99 74 42 62 43 78 91 50 79 92 33 36 83 88 95 83 6 59 13 9 42 78 5 18 33 97 
31
72
40 2 79 57 78 15 38 97 47 61 63 43 37 43 67 39 59 99 66 20 66 23 49 46 41 73 39 89 34 41 79 98 43 54 99 31 56 61 69 16 5 72 86 94 48 76 85 83 32 10 67 77 71 5 81 6 82 92 26 58 56 98 96 78 4 47 83 40 24 21 77 27 
20
26
42 11 44 39 28 82 77 90 77 62 94 19 13 67 78 61 80 88 11 13 45 9 62 10 42 65 
16
12
48 32 99 72 48 96 48 38 89 65 14 60 
11
58
53 4 86 84 56 19 41 83 66 43 64 70 37 11 53 90 58 43 3 51 60 9 45 99 5 99 5 60 89 24 12 25 49 46 79 34 44 8 80 61 83 29 98 21 30 9 62 27 68 85 9 83 7 61 15 4 36 50 
49
14
84 36 91 65 29 12 32 80 89 96 25 49 88 89 
4
23
39 25 23 67 79 80 20 80 20 23 22 37 20 32 44 7 52 87 54 60 72 24 1 
16
94
20 20 2 66 46 21 79 9 46 59 61 12 43 38 57 17 15 82 96 3 35 83 48 75 15 89 73 99 41 32 33 83 52 97 53 77 71 33 32 3 47 44 16 49 60 100 17 27 60 47 12 20 54 76 30 44 45 36 63 15 80 61 62 94 96 87 75 99 55 90 38 97 44 17 24 81 15 98 9 97 98 29 28 58 77 91 53 74 52 14 22 63 59 40 
38
91
7 43 87 98 9 39 2 1 67 15 17 79 45 10 7 20 8 40 14 36 92 41 63 32 46 68 36 20 53 90 55 4 32 98 64 19 81 97 21 6 59 33 38 99 19 66 16 81 73 55 91 6 22 42 5 2 87 40 82 1 97 75 8 96 79 43 90 6 10 33 63 55 7 9 45 1 36 39 97 42 53 5 97 88 84 21 18 61 22 69 34 
90
93
3 63 51 17 32 25 43 90 80 63 39 83 39 41 3 62 54 29 40 100 96 63 23 76 23 39 93 46 13 6 47 53 52 5 91 85 6 1 23 72 62 46 19 28 4 18 51 75 30 82 13 81 48 26 54 85 65 42 21 93 94 17 7 67 21 42 14 45 55 42 42 86 55 75 71 45 37 42 22 46 41 27 60 40 62 61 33 18 2 100 68 45 76 
73
77
91 6 15 58 44 90 12 16 86 65 27 57 31 7 50 43 44 6 61 9 80 12 35 51 69 20 66 36 71 58 10 26 62 2 43 94 12 52 81 24 22 38 89 24 19 24 77 50 64 100 68 27 62 62 96 93 95 58 93 19 92 1 74 70 44 27 91 40 80 36 23 75 38 94 84 20 60 
65
12
50 77 95 91 42 46 4 76 17 32 52 59 
5
64
71 48 40 87 72 60 99 23 51 37 5 95 78 15 47 20 20 56 31 11 25 45 98 39 30 26 63 26 6 40 83 90 16 6 7 23 81 7 26 28 94 91 91 16 49 46 25 7 93 61 79 55 66 39 34 84 19 74 83 95 85 84 30 69 
39
40
13 78 48 86 18 90 55 94 95 57 83 92 94 16 97 20 33 82 61 37 83 58 57 8 91 11 32 31 19 44 32 82 34 14 43 15 27 31 49 89 
14
12
4 51 31 12 1 37 54 11 48 35 1 11 
9
83
54 9 18 46 99 96 3 100 67 97 67 67 1 42 67 75 70 12 46 44 100 23 5 96 29 76 31 64 21 18 16 51 86 26 10 78 90 58 70 56 43 84 23 92 50 52 54 53 32 12 31 96 21 70 25 70 90 37 64 25 28 62 32 29 88 55 63 51 61 50 48 35 62 41 19 52 36 23 18 95 54 22 78 
25
66
13 4 44 70 1 66 38 61 38 92 71 98 33 42 68 41 43 93 82 56 84 94 97 84 68 54 40 49 29 34 92 76 29 49 63 72 83 58 26 44 88 30 79 74 50 65 54 52 45 52 65 73 41 68 49 28 96 100 14 96 8 33 99 21 13 89 
10
71
75 29 18 35 54 9 41 98 80 77 13 72 17 32 67 95 50 20 25 71 80 15 77 63 76 75 14 56 99 60 30 34 60 22 77 6 63 12 81 8 47 36 16 9 6 2 95 67 67 85 76 77 48 86 92 47 58 36 42 24 15 19 4 78 31 48 61 43 29 59 47 
37
6
44 10 22 11 12 24 
4
14
86 57 87 10 53 19 43 86 100 58 77 52 73 56 
5
51
25 93 75 88 50 20 71 41 80 55 43 70 45 59 84 28 76 16 56 92 67 39 38 23 13 48 22 71 45 1 60 18 40 77 25 51 29 41 3 30 79 87 44 70 86 25 37 84 24 15 21 
6
65
97 29 7 69 91 90 23 57 51 44 94 40 17 91 89 78 76 13 72 21 100 18 90 19 80 10 80 8 69 89 69 72 72 62 26 16 52 36 1 40 45 76 6 42 81 43 37 31 92 48 88 54 60 85 57 54 56 12 88 44 16 52 67 44 74 
5
15
86 7 57 17 68 97 7 15 74 75 55 26 17 71 22 
4
36
41 30 39 74 19 63 25 37 5 29 53 4 64 46 63 55 93 40 97 23 77 57 88 37 49 56 39 27 40 15 99 1 86 61 54 2 
24
14
37 56 21 27 91 30 99 93 94 23 78 32 12 73 
1
36
5 95 29 7 93 5 28 9 41 68 90 88 11 7 29 63 18 38 18 36 52 60 2 35 5 23 64 36 22 90 94 84 84 85 67 2 
16
64
51 41 90 46 14 38 70 21 24 50 49 7 94 39 37 17 58 3 79 51 6 36 58 80 75 71 37 61 27 100 21 23 19 84 5 81 23 85 29 89 7 15 65 33 78 57 15 66 34 65 4 26 66 36 16 44 100 69 44 49 84 73 79 88 
44
55
91 33 42 10 39 40 70 19 45 1 51 7 98 91 27 40 20 68 81 38 86 65 30 88 62 45 60 85 82 25 19 35 66 62 44 84 40 89 51 85 30 17 85 100 31 1 29 45 92 10 63 34 99 18 64 
15
51
21 71 94 11 91 63 43 41 54 64 76 26 53 71 56 59 32 14 51 10 57 27 64 6 25 27 31 5 3 90 43 18 68 14 81 93 65 63 1 31 62 31 90 27 6 6 82 38 90 23 18 
17
30
22 35 89 89 33 93 71 8 66 58 17 56 67 100 56 24 94 46 90 78 31 18 28 46 69 30 32 9 66 71 
17
66
75 75 62 58 63 13 9 92 14 73 30 25 22 59 15 26 95 60 69 23 92 31 4 96 27 28 77 80 10 81 1 16 76 20 3 76 20 13 22 97 55 26 6 95 37 19 75 32 56 23 2 74 96 80 81 27 40 17 23 89 1 30 66 41 40 91 
35
14
50 61 82 83 54 63 13 9 18 21 63 46 22 97 
3
6
16 36 27 2 23 45 
6
75
55 57 71 78 28 92 31 6 90 19 28 87 1 36 15 93 22 42 84 81 32 31 60 46 74 45 60 53 40 77 8 98 78 23 25 14 93 24 88 68 46 12 94 10 11 29 76 47 90 71 3 50 69 89 74 4 29 14 90 76 15 29 32 48 7 93 27 93 48 29 69 69 84 30 57 
19
51
9 88 53 96 10 51 85 50 9 66 57 90 16 80 58 68 34 83 65 77 63 73 43 62 59 22 81 61 41 12 16 86 96 24 21 32 1 57 76 30 80 22 8 47 28 32 16 86 27 67 92 
7
88
13 33 85 69 9 34 68 44 73 32 71 67 18 47 13 83 4 37 35 51 46 58 36 89 4 82 9 55 71 49 48 56 9 46 85 33 61 97 7 37 98 79 35 75 64 2 1 65 8 100 22 59 12 95 24 80 42 88 40 17 79 37 67 72 34 92 27 90 44 82 89 14 38 28 17 3 49 48 67 28 30 31 59 86 55 17 21 37 
40
98
93 24 18 63 68 78 91 29 61 11 61 83 55 85 14 47 18 38 4 74 64 56 2 70 37 40 75 75 13 81 56 53 48 86 18 89 64 89 56 19 50 91 71 28 27 24 14 65 74 67 81 58 40 87 84 99 99 58 75 45 27 82 67 42 48 25 4 10 90 58 47 11 8 68 36 62 82 40 24 57 59 3 59 62 57 89 49 31 99 39 21 18 14 37 65 1 5 8 
15
54
55 68 15 40 75 65 95 55 49 70 70 52 13 37 71 35 58 64 84 31 86 99 23 26 60 81 88 38 49 16 41 2 100 48 68 57 10 61 58 34 32 6 100 71 92 7 54 62 35 75 28 52 11 51 
26
81
25 21 17 76 83 23 90 56 99 8 13 87 14 81 31 39 61 36 80 85 45 3 35 21 43 98 21 7 60 12 52 45 3 95 87 30 78 11 79 95 68 8 21 3 74 15 62 7 63 18 22 1 18 86 26 72 24 100 92 57 13 31 41 31 3 54 21 2 83 11 49 88 14 49 27 31 33 61 9 77 62 
61
33
72 75 42 56 71 65 41 59 27 25 48 55 15 70 74 1 6 69 56 6 14 100 84 44 83 84 94 46 24 2 15 82 35 
19
54
26 12 77 3 67 50 35 70 76 85 11 84 47 14 89 75 88 19 36 58 10 5 94 57 75 16 96 82 21 66 54 95 83 82 99 39 39 33 98 81 65 7 61 31 35 30 69 4 53 84 96 79 54 60 
27
83
79 94 99 21 88 69 5 71 26 59 28 55 59 47 45 72 21 26 70 61 32 86 20 19 99 31 63 1 93 32 20 31 94 81 7 79 67 87 30 50 34 18 74 8 80 44 64 93 64 77 11 25 60 67 83 100 100 51 96 42 48 53 63 64 1 16 80 23 66 34 79 45 19 74 40 37 54 100 9 36 45 37 19 
15
84
57 85 21 73 48 18 23 89 58 37 32 54 4 90 87 7 57 6 14 3 41 26 13 87 79 31 42 81 91 47 34 19 13 36 55 72 21 39 35 6 64 52 97 24 9 98 46 64 21 76 83 23 27 62 18 23 27 39 30 14 29 59 49 78 62 35 17 99 60 95 26 98 75 36 74 71 50 46 8 100 21 87 95 58 
33
58
47 49 87 81 51 96 61 37 33 26 23 18 23 49 78 15 19 97 9 31 96 41 42 88 37 54 14 26 86 84 29 82 33 26 42 50 71 99 67 17 83 72 58 15 77 72 54 15 50 8 53 19 14 88 46 33 100 33 
48
43
81 48 53 78 5 45 77 22 77 47 64 49 79 77 39 44 82 65 18 15 31 79 42 57 7 23 59 21 37 38 15 44 22 78 59 80 59 11 79 9 5 78 1 
37
70
97 52 20 80 92 42 80 45 96 64 57 32 82 11 22 58 20 24 42 14 5 3 74 67 46 43 45 97 28 77 96 80 43 16 1 11 15 75 88 57 2 87 78 87 27 8 56 64 47 72 83 3 18 88 79 98 22 24 92 81 38 91 92 48 69 32 45 99 70 88 
16
57
38 14 43 7 65 82 47 92 10 41 34 72 46 23 48 75 19 94 73 79 93 3 99 80 83 55 5 67 53 51 91 17 14 63 91 81 97 73 91 88 46 9 85 66 53 14 1 51 100 41 33 33 79 37 36 35 87 
52
42
71 32 36 64 95 3 69 42 95 88 41 60 2 88 68 75 44 76 80 78 10 28 81 18 65 64 96 31 35 39 24 53 64 98 40 45 37 61 15 94 2 65 
40
24
10 39 54 41 49 72 87 18 97 85 1 83 54 16 8 53 95 39 59 62 82 19 40 62 
6
67
84 45 10 42 47 85 59 75 7 96 11 96 11 68 69 40 26 29 46 28 95 76 87 44 95 78 54 38 62 85 33 92 40 37 7 60 3 85 41 68 63 35 69 7 33 7 72 22 9 57 80 85 68 63 21 4 26 30 41 89 90 68 30 1 31 25 99 
44
63
69 84 37 55 52 23 97 45 4 45 28 50 52 44 43 47 79 52 24 63 98 99 33 86 17 83 62 17 76 78 3 48 27 79 21 55 3 4 41 91 100 46 59 33 91 61 43 4 26 15 54 78 77 60 27 43 79 5 93 26 87 19 42 
48
38
22 83 31 75 76 74 32 7 6 71 100 76 87 42 37 2 86 100 81 72 53 14 60 66 12 34 31 29 95 18 22 39 87 31 34 87 63 1 
12
44
4 59 33 92 46 73 58 92 62 62 16 3 32 40 46 91 22 36 58 22 21 9 41 39 23 71 7 25 93 19 73 81 72 60 80 91 85 32 17 74 73 94 85 52 
19
93
41 36 63 84 9 25 21 30 92 24 73 81 22 84 74 72 94 39 20 91 88 97 56 85 48 57 12 97 93 26 8 67 70 48 17 37 19 60 23 57 97 16 21 11 36 49 97 31 50 73 91 100 75 40 16 3 34 45 97 27 23 40 39 59 19 55 81 2 38 58 75 72 26 44 65 8 82 99 55 93 6 15 37 46 22 18 64 23 5 16 54 35 33 
37
76
77 34 4 61 21 29 25 89 34 98 41 11 66 76 30 95 16 47 22 21 12 84 72 94 28 56 41 24 28 82 34 41 87 49 35 86 96 2 43 10 82 20 72 93 3 51 5 94 63 18 62 45 30 37 1 75 63 93 13 99 57 69 64 37 75 35 68 45 30 65 86 8 49 41 78 25 
44
25
37 54 90 85 14 5 41 43 92 57 65 2 15 78 32 18 87 50 38 77 22 56 96 5 67 
24
17
31 50 64 18 66 87 29 43 28 97 62 73 38 78 1 22 42 
17
56
56 63 97 89 3 75 59 53 31 90 9 72 72 94 31 13 68 34 87 75 86 49 32 51 52 56 21 36 61 70 2 19 88 82 57 50 63 70 48 3 56 1 40 91 34 98 36 40 67 90 1 23 58 13 11 5 
16
63
19 39 55 76 80 2 34 37 70 99 46 92 62 43 17 81 14 54 45 29 2 22 43 64 90 79 50 12 13 9 38 24 41 41 57 65 70 23 57 51 63 86 5 41 89 49 57 21 53 28 30 77 62 19 27 44 25 46 6 52 25 76 79 
2
85
54 62 39 74 80 14 2 2 83 32 83 79 22 9 57 24 87 74 41 43 69 96 83 6 78 53 67 1 51 23 70 57 33 90 26 73 57 20 52 34 42 3 79 11 7 12 4 28 84 8 63 87 10 48 34 15 49 53 57 41 36 40 47 82 51 92 22 62 58 35 86 48 85 38 36 82 29 61 6 23 39 41 84 5 25 
7
16
95 57 84 54 95 46 62 72 40 7 93 57 9 62 78 94 
11
19
96 80 29 60 67 20 70 63 100 25 46 15 47 77 52 44 41 5 96 
16
60
93 16 56 42 96 43 12 60 61 57 55 90 59 66 9 61 14 2 95 5 95 97 91 37 47 77 51 64 90 10 41 47 84 90 66 3 52 66 24 55 95 74 2 27 69 57 36 4 3 22 75 66 26 6 1 20 31 1 84 91 
35
21
31 21 85 41 95 63 35 86 12 77 71 22 25 71 3 4 92 37 95 20 34 
1
27
34 73 14 90 75 23 39 92 22 37 9 71 81 2 63 23 80 59 3 8 43 69 40 32 65 86 46 
21
24
12 96 58 21 85 36 23 63 38 4 97 73 89 55 40 16 71 63 50 80 90 2 62 35 
22
20
97 97 72 58 15 52 4 54 61 93 65 52 76 77 43 91 12 27 69 23 
7
25
73 23 32 85 89 5 52 85 32 91 45 25 66 59 84 44 25 14 67 80 8 50 77 25 69 
17
51
24 37 31 74 59 41 11 9 95 25 84 8 39 89 26 71 30 86 38 23 44 6 63 64 67 25 44 99 86 65 36 59 92 83 7 37 1 80 43 15 71 17 75 40 88 39 48 99 72 13 55 
7
68
6 82 81 65 13 97 42 16 17 50 14 80 5 67 34 96 96 36 73 26 15 7 40 82 70 61 83 25 87 37 81 64 65 24 90 14 52 72 45 71 5 30 30 9 13 28 38 46 50 99 13 31 10 67 3 72 44 91 31 51 20 96 28 16 63 2 40 2 
17
7
20 60 71 20 94 53 54 
3
24
18 40 36 19 53 64 91 75 70 85 48 55 89 31 69 86 58 17 21 17 16 65 3 14 
6
25
70 38 46 64 6 17 74 6 84 97 18 73 72 25 42 87 20 49 75 19 95 94 21 99 18 
6
17
28 82 93 28 50 34 21 7 49 46 21 33 63 75 70 92 50 
17
46
19 56 85 91 77 47 100 3 4 77 36 80 25 84 100 53 5 90 1 42 1 83 16 99 47 52 13 99 98 31 24 65 39 68 55 65 73 59 22 8 68 89 22 72 73 43 
19
57
91 83 47 84 14 40 87 35 17 26 91 24 46 11 40 15 9 59 41 14 35 19 53 94 59 26 47 92 24 1 17 84 11 84 13 71 59 42 89 90 20 49 23 39 100 2 3 87 95 34 42 17 50 78 6 26 52 
35
56
29 58 8 86 36 76 82 11 60 6 41 93 2 71 34 99 81 61 18 66 32 37 3 62 87 60 62 12 42 20 83 32 76 73 67 9 27 13 51 49 54 38 16 18 98 1 91 77 54 75 80 39 90 86 46 52 
1
34
88 37 91 31 72 9 58 2 54 20 31 14 24 86 39 28 6 63 34 70 16 89 71 76 56 82 32 70 100 72 47 48 4 25 
28
71
86 76 94 67 64 31 35 16 93 8 48 47 58 61 65 98 88 72 24 42 12 13 35 84 68 87 100 24 51 69 62 81 86 36 74 49 83 52 30 99 32 34 53 92 8 63 36 21 5 34 81 82 2 47 79 100 55 78 28 52 59 5 26 37 71 70 71 87 84 44 17 
9
46
44 70 39 80 43 97 76 38 34 3 47 74 61 72 12 35 85 10 65 56 27 40 42 53 42 70 4 47 94 44 34 43 29 5 29 17 29 43 9 11 93 88 67 2 76 92 
43
36
71 93 33 10 36 97 44 46 15 27 53 8 15 68 36 45 73 16 64 31 59 85 8 9 28 43 12 50 78 68 94 39 17 66 76 96 
2
98
83 87 99 49 91 27 69 36 93 98 56 98 43 80 66 38 59 6 12 80 76 50 46 71 47 45 31 61 11 83 75 52 61 75 26 4 78 86 22 98 9 27 77 99 17 73 78 40 31 19 57 28 91 13 21 38 13 5 95 76 16 51 72 9 41 44 42 49 100 10 12 43 67 12 16 60 65 95 56 91 82 94 27 89 61 63 93 25 40 23 28 33 23 29 53 11 62 51 
34
92
21 12 57 58 4 85 3 72 1 62 45 20 94 8 67 97 23 98 10 71 58 65 76 45 34 61 74 73 88 98 76 70 48 66 73 12 18 55 29 73 3 94 59 79 30 98 69 19 34 66 22 4 88 96 29 23 69 97 82 87 75 75 94 60 39 3 29 70 90 58 68 56 70 22 86 55 16 21 50 73 82 84 35 58 84 41 60 2 25 6 38 47 
67
28
74 7 22 29 20 24 37 31 36 6 98 15 17 16 52 31 66 72 21 64 7 23 95 73 95 87 74 18 
16
15
36 39 78 84 43 77 67 55 90 9 64 69 89 30 9 
12
41
86 45 95 33 73 55 18 57 23 99 33 78 86 76 72 80 74 89 73 41 73 44 20 92 54 4 35 77 89 57 85 43 77 47 78 15 20 95 90 6 18 
38
47
34 79 54 65 42 96 87 73 46 33 24 59 30 99 58 55 84 85 8 47 75 88 46 40 86 62 4 34 16 44 95 4 35 96 85 99 84 49 46 31 4 89 59 34 83 27 28 
36
7
8 90 61 100 71 44 21 
2
41
7 40 64 28 88 17 71 3 43 5 5 46 53 99 23 28 78 85 97 68 98 11 97 95 67 87 68 53 100 56 46 29 91 70 19 59 7 93 39 5 52 
9
97
88 55 18 47 68 9 19 94 22 33 16 33 11 23 41 74 71 94 69 49 39 43 53 57 13 56 45 89 27 81 92 4 8 36 24 57 53 37 17 89 11 13 16 36 49 63 5 40 22 11 90 67 5 8 8 99 25 51 15 90 36 59 100 27 38 8 78 92 74 68 72 49 54 80 33 68 58 53 74 23 45 48 2 86 34 85 93 77 71 82 26 23 77 23 19 39 2 
35
30
98 15 41 49 67 61 20 57 32 97 67 21 49 28 48 11 8 57 30 74 19 79 6 54 97 42 83 93 30 35 
26
86
2 24 44 69 62 63 66 30 5 10 75 87 67 40 64 39 34 12 1 28 69 69 63 34 94 53 19 39 82 26 89 38 12 10 68 18 11 59 24 61 89 30 48 99 37 81 41 44 81 60 17 62 21 13 15 84 33 85 99 81 60 84 54 77 36 66 81 85 93 91 29 63 93 6 86 12 36 68 22 67 15 9 46 62 86 21 
12
58
64 100 22 97 34 33 74 57 36 8 31 23 72 41 21 18 39 55 78 74 90 37 88 97 11 81 19 67 82 56 91 8 86 15 88 1 25 31 80 78 98 57 66 30 97 59 51 66 87 41 83 18 31 78 16 69 39 91 
38
65
43 65 70 12 86 90 89 49 75 11 13 90 31 26 89 63 26 9 5 15 95 75 35 80 83 84 60 84 80 56 79 12 66 49 14 75 11 45 33 67 41 50 21 30 94 44 29 72 81 45 61 83 96 45 73 37 69 38 65 52 55 31 1 91 68 
27
87
91 58 99 82 2 18 61 79 73 37 5 43 58 24 12 66 59 3 67 2 77 41 14 99 61 91 65 37 73 78 26 42 16 88 34 27 5 82 12 37 20 83 37 44 64 57 66 38 93 39 63 70 89 42 11 14 75 3 87 90 21 54 70 45 72 76 86 77 33 62 71 93 1 20 95 44 80 50 27 97 8 95 61 75 80 86 6 
23
51
11 13 29 12 18 89 8 68 70 59 77 77 35 71 89 10 31 89 37 79 91 50 14 40 2 27 100 16 67 35 33 78 69 81 72 82 19 31 58 56 89 69 59 19 47 2 32 58 34 25 93 
41
69
30 94 98 45 14 65 89 94 1 41 63 30 7 97 2 29 89 27 4 38 100 2 8 54 34 44 60 63 77 87 30 62 19 75 58 84 40 9 7 42 100 28 8 34 73 87 75 49 40 69 95 50 6 33 68 2 57 31 40 65 86 47 18 82 82 62 72 18 93 
68
17
45 81 27 39 14 34 86 56 56 3 97 59 56 13 40 21 11 
9
81
62 19 78 29 5 11 66 71 5 55 54 57 26 96 24 36 49 34 48 86 5 61 29 54 17 71 71 22 47 5 68 84 89 91 10 19 89 84 2 17 6 26 52 22 3 81 47 53 67 54 40 48 54 99 11 2 61 20 10 52 57 50 73 84 65 3 44 56 89 93 30 10 86 7 43 28 39 41 36 34 52 
7
83
28 10 48 22 32 55 74 33 73 5 30 66 48 20 33 42 83 54 9 46 88 41 81 8 9 75 53 99 78 13 24 7 49 74 61 75 15 59 17 35 20 8 40 59 61 4 39 86 24 98 37 79 68 82 9 86 32 46 33 49 39 57 53 34 84 89 37 14 60 78 44 35 58 7 6 67 50 44 6 26 79 63 89 
72
26
7 46 22 55 43 77 10 55 51 32 34 69 15 5 19 6 46 71 47 56 42 30 27 32 27 22 
13
56
2 90 84 88 81 58 44 7 6 15 44 13 26 74 10 42 27 41 50 40 16 85 69 78 59 64 42 84 3 75 78 10 89 2 90 88 54 90 72 90 42 91 10 30 90 73 10 5 33 7 4 36 94 3 95 3 
20
100
46 41 24 76 90 37 56 77 2 88 100 33 37 20 65 76 42 64 73 43 53 11 27 13 3 22 88 71 58 67 38 94 1 18 95 7 64 53 52 32 95 74 79 41 40 74 62 99 57 49 1 81 96 76 59 9 7 68 80 77 93 35 98 12 12 56 58 99 55 33 29 53 48 57 23 49 23 77 86 4 84 52 85 48 12 19 36 96 50 7 32 99 30 94 17 97 71 96 100 24 
83
57
50 17 89 98 53 39 80 4 72 33 21 60 47 84 3 23 38 69 2 68 9 62 5 67 99 69 25 73 85 24 61 79 28 51 76 64 18 9 76 17 76 37 12 89 58 45 28 22 74 79 53 49 32 43 2 65 98 
23
71
40 12 56 38 42 83 2 89 6 52 88 5 16 48 3 59 16 11 59 68 16 48 20 32 4 51 77 18 50 2 63 67 17 93 67 70 89 31 42 60 60 72 57 63 23 14 18 46 44 17 16 5 5 61 49 36 60 48 6 52 30 34 4 88 58 65 94 20 18 88 95 
13
79
83 10 57 88 3 47 96 78 22 78 34 54 33 18 95 56 62 46 21 80 85 32 81 50 19 84 72 58 11 86 68 80 20 31 26 20 80 46 57 45 53 16 94 82 48 45 60 12 40 76 100 82 64 44 66 39 61 45 83 69 58 19 84 30 12 100 94 44 16 89 100 19 87 70 28 71 31 98 15 
12
18
57 85 99 77 9 50 70 88 20 55 66 69 80 40 44 68 20 53 
15
82
31 53 85 44 34 67 6 41 11 9 39 1 75 86 63 34 37 72 63 1 82 25 68 80 64 55 15 92 75 59 57 57 89 60 25 13 68 37 36 98 24 24 85 26 6 39 99 76 78 71 13 32 64 92 78 56 21 70 66 23 9 64 31 83 48 53 22 87 36 97 64 30 47 59 43 80 13 49 64 31 37 79 
3
11
1 62 77 53 40 43 30 94 31 65 51 
2
97
67 100 42 65 90 58 44 47 41 89 89 58 50 23 88 26 39 61 23 5 15 52 4 48 80 52 24 41 85 43 34 86 65 81 24 28 36 87 23 66 62 95 17 46 2 33 8 29 47 24 58 68 8 48 27 34 78 17 31 93 71 6 36 7 92 70 75 64 32 88 52 54 45 72 93 95 100 70 47 98 21 41 1 79 92 39 59 4 3 5 68 64 25 51 97 5 63 
60
73
3 93 50 64 42 24 38 62 23 15 72 13 78 94 91 11 79 57 30 20 58 86 66 89 70 56 57 30 9 60 82 100 35 5 25 12 23 59 3 60 70 62 100 46 47 34 31 98 29 6 84 98 86 53 27 37 87 57 48 76 89 69 40 48 94 13 72 69 69 77 90 13 40 
64
47
18 89 82 69 33 11 53 70 56 4 68 18 55 10 6 3 21 42 32 14 24 67 25 15 49 73 26 75 67 64 84 33 67 90 26 60 74 52 37 36 69 96 13 26 27 32 95 
41
45
97 28 66 3 33 51 28 53 10 67 51 36 98 31 79 45 55 90 28 29 71 76 15 86 99 80 71 42 49 84 7 66 49 82 70 95 20 59 56 47 24 85 17 79 35 
28
54
4 58 53 14 36 55 33 44 12 97 5 12 78 88 72 91 67 17 89 76 42 96 58 43 55 50 24 99 99 50 45 69 95 9 94 46 69 55 16 18 20 55 8 77 22 64 10 98 80 26 75 90 36 77 
4
6
83 44 51 87 71 70 
1
16
98 52 56 37 73 11 95 63 87 66 73 9 100 62 18 47 
7
22
77 88 61 64 50 99 68 53 42 1 94 59 97 77 78 83 43 9 17 98 51 38 
12
29
47 52 49 33 44 76 68 82 46 48 69 2 75 66 49 2 94 82 62 43 78 38 60 97 38 36 81 4 48 
17
10
43 60 49 99 35 38 19 23 9 80 
1
69
69 94 40 67 10 61 9 72 47 98 41 38 57 42 19 58 26 27 46 94 57 81 75 92 79 57 15 56 83 77 59 46 87 56 22 86 26 17 38 41 66 61 27 99 91 46 83 91 93 28 7 59 92 85 83 12 14 91 41 34 82 19 39 13 53 80 70 39 97 
28
69
66 52 81 72 83 11 23 95 27 14 36 28 97 38 58 92 59 30 15 66 11 14 75 81 74 9 10 7 5 53 30 33 93 39 40 56 54 60 47 17 99 54 53 2 42 47 20 79 29 86 67 30 18 73 31 67 19 18 3 62 6 24 38 17 22 77 83 61 13 
56
35
73 37 31 92 83 82 61 72 19 30 67 51 58 78 26 50 15 47 82 37 29 25 79 35 93 31 8 30 83 20 12 5 50 93 41 
1
56
86 66 73 28 21 66 65 82 51 14 46 84 8 77 41 57 59 90 92 93 26 48 17 82 49 11 98 16 7 4 10 33 71 67 38 47 78 83 52 5 100 93 96 14 72 12 60 63 90 20 98 93 20 15 63 48 
41
93
62 69 80 38 96 95 83 90 62 43 74 59 75 78 79 84 64 80 26 15 31 68 83 38 93 33 31 63 57 94 59 7 16 10 90 60 86 24 10 6 70 41 3 30 26 6 54 62 64 80 95 46 99 61 6 58 32 58 8 53 71 78 4 30 12 37 16 7 75 84 16 88 93 69 10 6 49 85 40 62 35 46 79 32 47 85 84 4 68 80 86 46 8 
41
87
88 27 71 2 87 74 25 2 82 62 47 60 76 91 50 71 9 46 73 33 28 54 51 66 98 69 71 56 17 58 91 45 98 84 99 34 48 76 5 89 15 39 81 21 39 85 64 93 81 34 84 53 4 81 75 23 73 53 80 68 1 92 70 81 42 92 48 49 83 62 39 31 15 63 95 83 57 45 18 73 89 48 9 1 54 78 41 
65
21
47 72 59 59 79 98 92 61 16 83 69 48 10 75 49 67 22 86 92 35 2 
15
52
85 42 2 47 33 19 88 34 32 76 93 1 67 22 6 22 75 70 25 56 13 53 96 93 87 57 98 16 29 49 86 94 93 71 66 39 19 59 23 82 25 78 64 81 40 24 6 42 31 34 4 93 
18
44
44 22 27 84 31 33 71 22 46 100 73 26 22 98 99 20 59 64 22 33 91 95 67 80 84 52 70 100 25 93 56 43 67 22 98 41 61 42 25 2 28 9 97 88 
38
42
78 96 75 10 8 34 13 81 84 89 21 14 23 34 70 34 29 65 99 34 25 69 3 5 71 43 50 40 61 11 84 14 16 92 9 90 91 66 61 66 63 97 
15
6
34 77 13 8 64 97 
4
23
20 3 80 9 3 22 23 66 18 23 80 79 91 78 64 78 89 22 54 41 30 58 52 
19
7
55 78 11 2 85 70 44 
7
6
32 52 65 20 33 100 
2
64
43 94 82 75 52 56 49 40 11 66 10 28 96 18 56 29 98 48 14 28 20 85 48 98 44 59 2 21 50 12 65 28 27 42 83 62 51 33 79 62 94 92 87 79 13 98 43 58 24 62 23 95 27 70 92 66 96 20 41 42 55 73 86 64 
51
68
36 12 97 95 19 24 72 14 7 36 10 91 56 96 38 94 56 77 46 37 55 29 44 55 95 85 100 20 97 62 82 52 94 50 93 77 27 65 12 47 86 45 27 25 76 8 4 66 15 53 89 18 20 79 23 98 95 13 86 45 98 95 100 9 6 34 49 61 
63
68
98 23 55 62 31 88 42 11 40 85 74 88 79 49 44 26 71 13 42 53 73 17 67 70 76 100 30 69 44 98 78 13 67 23 30 68 31 63 47 47 15 79 8 58 24 7 10 73 91 33 88 25 8 19 69 9 35 80 67 35 13 56 80 77 76 24 2 10 
18
76
60 72 69 48 34 90 14 71 2 19 21 24 42 93 83 16 86 57 20 68 22 48 62 93 21 34 95 75 54 63 73 76 68 76 61 55 92 36 52 4 10 75 39 69 97 42 18 47 78 11 51 45 92 47 1 56 64 98 21 100 4 23 79 46 50 26 43 25 38 69 99 65 52 21 96 88 
67
82
64 40 67 73 10 65 74 97 10 1 49 83 19 21 72 19 21 22 69 32 55 81 71 8 51 44 30 78 62 69 68 73 35 55 38 36 48 8 5 27 26 42 57 90 86 11 73 58 92 54 96 42 45 1 78 55 40 25 6 5 11 38 18 82 67 50 82 84 25 46 17 84 58 26 3 19 46 69 34 84 66 82 
43
64
20 99 12 75 57 65 100 27 19 43 71 54 97 73 46 28 63 37 32 24 17 28 48 6 61 22 34 71 94 39 81 96 17 34 88 90 4 11 20 81 95 70 71 20 69 77 18 56 36 47 65 14 89 72 35 84 75 49 76 37 21 84 45 12 
63
41
5 96 68 31 15 92 33 81 50 22 67 63 37 18 74 93 62 67 13 85 59 69 77 33 74 86 34 52 41 42 72 80 98 14 21 76 46 74 92 73 37 
27
73
46 24 28 5 12 63 5 100 65 52 77 95 37 76 71 27 36 53 92 45 41 9 61 47 64 95 49 97 74 80 98 39 46 40 99 5 57 88 36 68 77 98 53 10 5 99 82 96 88 16 92 90 25 87 42 89 91 85 4 69 51 11 10 9 6 69 95 90 17 46 70 6 82 
55
42
95 86 4 68 57 50 14 61 43 91 11 74 27 68 35 57 76 50 17 62 37 32 27 10 24 60 72 45 58 80 15 58 84 89 84 66 92 10 3 99 25 9 
16
38
76 78 38 62 14 58 49 41 47 59 92 81 50 4 88 92 42 83 93 26 60 53 80 79 15 74 51 6 94 44 75 31 12 62 60 33 8 95 
20
34
18 46 67 9 53 10 90 16 81 16 46 90 73 54 28 52 70 79 12 28 8 59 83 91 22 33 65 91 43 23 16 24 86 87 
20
25
42 4 57 4 69 37 9 89 79 26 21 1 45 16 22 19 31 52 96 93 80 5 74 38 13 
22
65
39 78 58 83 52 64 20 89 61 58 82 78 40 6 16 7 40 18 85 17 39 48 10 71 8 45 58 32 59 2 77 45 80 67 79 8 42 31 69 66 65 72 46 2 51 45 56 99 56 28 76 79 71 16 94 58 71 88 23 19 46 88 18 75 12 
36
12
100 75 88 36 38 57 42 72 93 58 67 66 
4
92
65 70 8 64 35 43 5 76 42 88 68 44 69 83 84 63 75 60 14 30 89 98 31 41 69 81 72 86 61 80 92 68 92 71 16 98 46 5 77 100 74 40 23 29 17 29 100 51 29 41 100 65 15 67 85 26 15 12 25 36 2 96 73 14 85 58 48 83 49 2 6 46 90 20 14 5 57 63 53 38 38 22 33 20 100 64 16 79 10 3 100 98 
37
55
35 42 6 65 26 72 55 1 64 17 58 8 57 31 69 32 3 6 27 27 77 47 98 10 3 13 95 83 14 85 19 30 73 30 97 84 21 5 54 31 62 11 56 37 83 67 19 29 98 60 32 48 59 68 61 
26
96
90 82 96 97 97 12 73 80 42 94 97 50 81 16 9 74 42 50 26 86 50 7 42 49 55 28 92 87 54 55 80 52 63 40 52 55 9 93 48 40 63 75 24 90 46 9 99 82 86 93 41 5 93 51 7 40 50 88 41 74 31 88 54 1 24 11 93 58 80 24 14 42 69 27 8 33 12 47 94 57 53 50 80 21 10 86 4 55 83 63 49 3 10 74 39 25 
96
48
99 55 90 69 22 27 13 44 17 47 3 65 26 49 82 47 81 86 66 93 66 32 75 89 54 6 44 17 57 75 49 67 3 15 5 42 47 54 40 37 71 78 21 11 91 16 65 49 
30
76
47 56 20 46 59 19 23 70 6 16 23 4 4 55 46 87 60 64 34 88 31 88 100 67 39 73 14 72 89 58 76 60 65 34 50 10 28 77 16 76 99 7 14 28 28 64 42 92 73 60 76 23 63 11 18 96 18 22 26 57 10 38 2 15 80 69 81 8 17 43 80 52 80 16 68 13 
71
58
83 38 82 70 13 21 3 50 31 60 54 85 74 40 49 65 49 40 47 13 99 48 1 55 62 58 22 47 98 86 99 67 59 56 4 96 60 80 19 99 65 62 41 45 52 41 12 5 97 14 94 80 88 41 28 44 55 93 
54
89
43 71 96 89 1 67 27 60 56 27 25 39 21 29 69 58 56 77 39 9 52 72 18 26 87 8 67 90 60 27 55 51 29 49 52 91 63 70 17 100 42 34 39 15 48 65 36 2 70 41 69 43 36 6 15 51 86 8 87 100 81 62 6 27 73 45 33 47 13 55 56 85 62 62 81 26 58 15 99 53 73 93 45 34 95 90 20 26 38 
85
60
17 40 13 26 71 97 40 9 7 57 46 5 55 83 26 81 44 44 65 35 74 65 91 27 50 32 36 90 51 94 96 82 53 16 14 64 14 73 4 93 80 88 61 91 86 55 90 23 57 40 58 37 45 32 35 43 93 73 67 99 
16
68
14 41 41 19 55 38 93 93 61 97 46 59 2 17 82 81 81 8 39 99 43 33 4 24 43 60 32 46 19 65 63 23 61 78 20 71 37 70 16 68 71 15 98 77 72 100 90 19 35 46 46 98 45 26 21 62 46 76 48 97 69 94 5 96 13 97 40 33 
38
40
42 39 44 33 99 32 10 32 40 7 62 68 29 64 57 67 98 74 17 49 11 19 86 62 85 18 88 93 93 39 10 60 93 29 76 62 74 40 59 69 
6
20
37 69 86 30 64 42 86 44 13 33 77 18 7 7 5 91 49 1 70 66 
7
98
87 11 6 97 21 16 52 41 31 27 21 71 21 13 89 94 34 4 55 59 19 95 41 58 35 72 38 77 42 24 50 87 98 98 9 100 47 76 28 87 71 25 1 12 48 22 61 68 63 33 22 25 73 59 93 83 44 87 29 99 66 73 68 95 41 71 100 12 35 52 70 22 5 35 57 65 1 79 9 71 60 96 76 18 12 57 16 63 51 67 6 91 17 65 73 98 81 15 
74
81
27 50 73 19 72 63 54 74 85 82 86 75 100 94 11 64 49 40 89 91 8 15 71 82 46 10 69 88 68 94 70 23 37 13 26 21 59 79 62 20 40 77 15 28 97 51 26 94 63 46 19 98 97 92 72 80 56 69 39 7 94 46 46 10 93 23 32 84 27 14 96 12 37 67 54 1 70 22 24 44 44 
7
66
100 63 31 56 73 14 67 18 95 81 97 3 72 94 27 46 28 44 88 82 100 95 35 97 53 45 20 34 73 73 96 91 73 65 77 53 59 80 38 11 80 89 14 13 36 2 77 38 36 53 60 53 17 29 7 92 26 75 77 62 14 20 68 46 55 54 
31
79
96 63 89 21 73 50 66 84 81 52 12 82 56 65 3 63 44 14 22 85 63 85 27 62 40 69 61 59 66 78 19 60 84 4 94 7 8 28 25 41 24 90 46 71 42 71 6 31 96 82 40 95 50 49 10 38 61 70 2 72 60 8 51 99 61 80 9 68 93 4 84 44 26 36 100 56 17 86 1 
7
45
38 73 3 87 82 5 62 51 11 39 86 99 93 12 46 35 37 12 51 91 82 98 20 30 73 42 12 57 12 12 70 44 7 34 78 77 64 89 29 85 19 6 45 52 37 
21
8
36 45 73 82 23 31 59 22 
2
58
65 23 5 33 30 32 18 2 21 21 45 88 17 26 18 90 4 29 19 5 70 63 92 83 42 27 7 34 88 20 86 54 83 99 6 24 16 95 30 17 18 32 84 28 30 31 78 29 16 87 81 46 72 50 32 39 70 72 
1
84
54 8 73 7 54 16 69 97 27 9 4 44 24 10 20 44 86 39 85 37 35 86 74 50 62 13 13 48 45 33 99 83 21 44 73 21 26 76 57 66 66 70 68 23 10 71 7 93 21 9 2 100 33 89 87 27 31 23 74 43 62 88 19 85 14 5 7 74 12 2 94 36 57 31 16 2 93 95 44 85 26 37 3 22 
33
58
91 7 37 4 12 40 13 35 48 48 17 80 1 57 87 48 6 20 48 51 99 41 45 93 16 52 56 54 69 73 55 69 81 71 22 89 85 43 6 74 92 25 92 76 97 35 11 38 79 80 33 58 39 21 18 7 68 44 
38
54
11 60 86 86 57 2 50 99 40 75 3 17 55 69 22 55 86 36 76 33 49 91 10 41 69 95 2 26 92 51 60 31 15 35 3 17 18 65 66 48 62 34 89 19 46 70 82 98 68 63 79 18 13 33 
26
73
99 53 100 36 48 51 82 73 13 11 29 28 93 11 92 72 57 76 62 37 13 12 32 88 32 32 21 18 64 7 96 40 5 18 35 86 6 83 15 38 82 21 49 60 81 100 34 85 52 21 51 11 92 62 41 20 68 32 28 33 56 75 2 29 44 64 76 86 17 42 21 93 59 
63
44
90 35 62 22 60 19 82 57 77 92 73 26 42 2 17 99 9 87 27 70 100 95 58 97 26 100 99 92 56 95 18 45 3 54 69 74 28 32 24 18 93 1 23 24 
5
52
16 81 19 14 69 30 15 22 32 49 25 67 54 34 68 18 47 38 92 11 42 86 16 45 44 2 2 13 76 87 79 5 69 62 85 90 42 45 77 66 77 71 96 60 3 77 99 39 66 52 89 3 
39
44
95 90 79 23 11 88 60 4 11 44 94 1 12 22 60 32 97 58 58 14 43 24 37 1 64 61 14 5 15 21 94 55 64 7 35 85 5 27 83 40 12 65 71 67 
23
64
77 14 86 61 60 98 85 98 64 99 75 38 65 64 53 54 31 28 53 96 44 43 72 85 63 9 94 41 56 19 100 16 78 98 75 33 59 89 99 30 53 56 14 36 65 29 57 11 26 46 51 98 48 100 67 94 92 70 59 7 18 1 97 84 
61
74
53 18 12 4 88 27 10 59 32 35 73 42 71 71 62 85 65 89 1 20 93 24 15 43 12 67 1 63 79 16 47 39 38 62 79 40 79 17 76 25 71 47 42 25 86 55 11 55 97 16 3 72 8 60 43 57 94 30 15 12 36 7 3 53 67 49 65 28 45 45 41 59 15 65 
10
41
14 31 14 57 49 46 57 92 58 10 88 18 49 64 44 83 3 1 79 12 15 72 90 13 47 88 1 41 60 32 50 66 91 32 89 79 54 42 47 83 37 
15
23
3 4 87 86 38 74 33 49 46 35 16 81 54 6 4 22 28 16 39 77 25 4 9 
12
9
28 68 49 22 68 4 53 80 81 
6
20
84 39 89 87 52 29 79 94 57 98 94 44 85 30 43 63 5 39 4 74 
11
55
14 58 7 11 73 54 55 36 62 73 30 53 91 31 36 35 10 53 31 76 98 94 50 32 18 21 24 63 49 61 40 82 52 48 23 96 95 77 39 19 79 72 51 20 14 78 97 50 70 25 59 13 11 44 5 
6
24
29 13 23 93 53 70 65 10 50 31 82 47 25 42 58 52 41 88 9 16 97 22 67 29 
3
13
73 32 74 94 12 93 82 31 72 46 57 47 6 
10
63
89 39 86 31 95 71 56 87 75 95 5 67 17 48 76 57 64 9 22 71 48 62 77 68 96 21 60 94 12 44 22 74 88 55 31 70 95 5 39 79 81 21 25 48 53 9 59 16 66 78 8 56 43 15 63 67 49 16 23 84 12 57 66 
21
26
71 66 90 70 91 80 66 86 88 65 69 44 46 53 1 9 94 91 23 86 30 66 78 33 42 86 
12
82
89 38 20 82 38 74 78 79 36 74 7 79 69 99 43 50 69 47 83 30 91 97 18 17 62 14 67 12 46 10 18 57 11 89 54 64 98 90 38 30 31 38 43 79 46 46 11 97 74 60 14 49 23 41 33 47 96 72 41 99 88 44 33 22 92 17 26 18 97 82 2 23 87 49 75 84 80 58 2 36 35 82 
52
18
81 22 25 9 87 92 52 18 23 21 72 60 15 19 56 14 10 58 
13
23
97 100 86 42 95 30 30 12 20 36 96 87 44 37 69 43 36 79 19 92 97 83 82 
13
94
68 73 30 8 94 55 41 22 82 70 51 91 39 6 67 34 73 58 42 42 31 27 4 92 90 80 51 79 32 98 89 40 18 21 70 32 91 90 85 2 98 99 82 90 5 79 68 86 81 100 99 57 59 44 93 68 53 64 66 7 2 100 98 35 30 94 8 10 58 17 69 89 90 13 24 93 77 4 56 81 29 19 74 43 82 69 14 100 17 96 12 67 60 90 
23
39
20 85 48 82 13 30 5 15 4 26 58 73 45 29 21 38 29 29 63 67 83 8 58 8 20 18 53 98 31 91 7 10 46 75 25 61 16 36 87 
28
71
71 56 88 80 14 5 33 31 52 40 85 13 90 5 7 84 40 50 13 43 85 95 82 1 35 14 18 24 36 18 20 9 54 4 22 89 71 25 64 32 42 90 33 57 64 64 22 42 16 98 55 7 55 88 21 47 58 71 87 73 36 49 38 73 51 46 44 9 27 27 44 
14
24
63 50 26 25 23 39 77 44 85 70 12 72 99 41 62 18 8 97 82 79 52 66 98 15 
15
9
15 20 62 21 33 56 50 24 80 
6
38
80 97 90 80 13 53 93 38 31 23 46 74 35 83 11 12 4 89 12 60 44 57 9 83 15 61 49 89 58 64 13 23 99 34 39 40 72 77 
35
37
13 5 42 80 24 80 57 50 19 31 89 4 35 22 19 75 91 48 53 97 73 83 96 15 8 58 71 47 19 58 7 66 16 8 3 32 32 
9
39
63 78 19 59 61 43 22 5 2 47 39 23 17 19 88 96 97 23 30 58 68 87 99 32 29 87 13 80 8 7 23 97 99 16 20 11 68 20 6 
17
89
35 41 77 4 28 1 32 100 42 69 94 39 74 51 7 24 16 55 59 40 32 72 70 46 16 55 53 39 16 93 43 14 100 20 96 23 81 54 23 3 37 49 39 77 68 70 49 67 95 27 70 36 10 8 60 58 22 8 70 79 20 39 96 43 47 6 40 84 6 58 85 67 82 22 99 16 97 83 12 34 95 11 14 19 71 89 52 94 76 
53
16
38 19 21 34 75 38 41 92 92 93 95 55 93 2 63 25 
11
12
93 55 17 68 24 23 95 5 2 45 89 77 
6
15
81 95 48 24 20 3 40 28 26 47 39 34 100 44 40 
6
92
70 2 53 17 85 2 39 42 20 91 13 52 69 42 14 84 34 1 80 98 88 82 8 44 50 95 64 39 75 12 72 40 95 58 24 58 83 96 22 33 27 17 88 81 52 71 45 62 65 92 9 70 17 25 98 13 65 72 21 19 11 50 67 56 97 34 78 22 48 5 80 66 42 33 72 10 16 38 98 13 27 50 72 81 90 46 14 62 49 71 41 66 
53
82
49 56 61 21 1 14 21 25 27 45 25 93 68 80 4 86 44 89 56 38 78 42 95 6 87 60 3 7 60 6 90 64 69 5 52 59 52 51 23 30 63 57 36 82 43 29 96 86 71 98 100 83 97 30 53 38 62 22 41 48 96 73 49 81 43 34 36 81 98 75 17 68 79 99 18 72 10 16 24 37 48 26 
47
46
3 11 85 67 12 36 86 88 35 38 65 58 38 69 36 91 63 90 80 95 92 16 2 1 39 66 3 8 10 81 43 94 38 95 4 42 85 19 88 37 62 68 3 19 60 96 
3
62
4 28 16 26 100 66 44 79 89 34 96 90 70 71 74 34 6 7 32 10 72 95 72 39 3 9 45 46 91 43 30 54 22 35 77 8 60 15 82 20 71 8 98 85 62 97 89 30 82 92 45 99 2 98 10 16 99 91 77 85 29 90 
35
80
82 87 25 29 99 47 17 97 29 20 47 11 96 79 80 75 60 40 34 35 56 2 9 36 1 63 23 62 70 8 44 61 71 24 8 42 43 16 24 21 54 97 61 36 51 3 65 74 15 34 4 85 19 76 42 6 95 47 86 28 5 17 38 38 74 18 65 14 75 100 79 49 12 28 100 41 87 92 71 59 
76
34
88 16 41 63 85 89 46 22 27 36 46 69 75 93 81 59 59 12 12 5 26 12 10 58 47 97 80 8 49 21 35 58 90 90 
12
80
89 49 72 29 58 31 75 63 8 94 8 69 26 98 18 71 52 73 76 9 26 79 87 68 16 78 98 42 51 77 97 51 80 18 39 8 71 74 20 75 58 76 58 40 61 60 29 19 97 5 71 26 35 98 34 99 17 55 46 55 43 96 44 63 73 89 85 50 84 90 55 23 91 36 94 97 18 61 15 18 
72
5
22 43 3 57 23 
1
18
2 20 98 87 77 91 39 24 32 66 81 14 34 26 50 19 60 45 
16
45
22 55 72 4 98 82 79 84 41 80 72 2 27 67 94 91 55 37 45 93 44 30 69 74 94 100 34 28 69 34 97 26 21 49 43 38 39 14 60 61 18 8 78 44 59 
33
24
23 81 89 21 45 7 8 57 3 6 38 22 28 96 28 80 84 18 49 87 28 48 2 60 
21
81
78 55 42 36 35 56 99 66 4 30 71 91 43 19 8 4 1 96 32 86 21 31 62 14 9 21 77 41 85 74 41 96 43 54 20 13 42 55 2 42 59 44 27 63 34 43 39 89 68 50 53 16 33 69 67 22 74 18 16 52 12 9 20 97 74 42 40 5 3 55 25 55 43 41 12 40 6 38 90 27 92 
6
41
50 42 53 19 73 84 21 85 92 36 7 46 90 24 31 42 41 78 96 36 77 76 38 59 45 12 64 19 69 72 52 13 8 35 18 33 42 2 86 38 26 
6
90
1 82 13 18 9 58 49 75 73 51 56 45 54 13 50 94 100 97 54 90 62 71 86 40 23 3 74 44 83 83 46 22 92 47 42 63 52 10 9 18 59 49 23 41 88 98 11 89 95 97 54 34 29 98 59 25 32 1 10 99 33 81 34 17 36 8 33 85 30 3 77 88 46 67 57 83 19 23 54 13 51 53 13 15 46 84 39 19 88 61 
81
44
93 88 66 46 68 40 87 86 85 58 40 3 80 39 95 28 76 46 100 60 26 70 67 17 82 25 83 52 79 11 92 89 67 1 27 89 79 12 76 96 6 2 19 91 
43
77
73 95 71 52 54 11 36 18 48 36 19 27 96 96 66 35 55 52 90 48 31 100 80 40 52 49 22 72 57 66 35 30 1 39 50 72 54 20 29 4 15 67 59 21 40 56 4 53 55 30 87 23 82 9 81 74 87 78 12 57 38 29 83 88 48 54 63 26 42 17 86 72 94 13 45 19 56 
64
7
21 12 23 55 40 58 30 
1
6
33 40 45 61 27 90 
3
83
69 6 57 93 60 42 38 18 61 21 14 87 23 11 7 58 25 76 70 14 21 18 45 91 15 63 48 85 33 24 23 32 44 87 98 99 72 4 21 39 39 41 76 40 31 25 93 100 24 42 25 65 49 30 71 38 37 16 89 43 6 45 56 10 48 87 15 41 13 58 48 5 25 15 15 74 89 43 10 78 52 80 81 
42
6
23 76 60 23 13 96 
6
45
6 43 30 47 7 74 26 60 18 5 55 37 81 11 7 47 33 26 18 75 65 53 19 97 74 52 97 80 29 94 14 39 25 15 64 13 84 68 40 27 85 77 18 91 15 
45
61
58 52 12 72 9 32 20 93 27 23 39 51 85 53 69 67 46 36 34 78 70 44 42 42 89 4 96 56 2 85 42 50 47 6 46 65 79 42 54 73 87 42 80 41 95 56 60 32 65 67 1 4 64 81 37 83 30 51 13 41 7 
26
32
25 20 43 41 78 98 77 81 68 40 35 9 90 90 93 68 31 64 38 6 23 54 65 59 44 13 34 1 48 17 26 9 
32
93
64 3 49 78 49 63 53 99 51 65 28 31 25 99 93 17 89 89 84 33 66 76 11 76 30 72 74 90 3 39 35 38 58 7 97 54 50 4 45 35 30 24 33 49 63 29 43 70 27 37 41 71 11 38 64 57 38 30 89 33 25 58 47 71 71 4 78 47 12 85 16 13 78 62 85 58 46 89 11 29 9 99 22 84 62 22 93 40 64 45 4 28 15 
88
20
48 94 53 63 43 2 23 15 52 53 40 49 93 35 84 68 84 35 30 15 
6
22
5 49 25 28 49 68 78 79 87 47 95 71 70 37 99 37 51 29 9 93 16 88 
16
40
27 92 37 79 54 85 22 51 53 2 27 95 59 90 86 37 42 35 64 42 14 30 73 28 27 64 88 54 81 92 80 54 8 51 82 40 64 14 78 51 
20
43
97 31 29 82 52 90 4 73 7 7 86 67 83 41 68 48 75 85 20 41 91 54 80 17 82 13 29 64 87 10 34 91 71 88 21 34 3 98 64 72 83 9 64 
20
89
95 7 60 96 19 97 85 96 67 75 1 96 95 47 69 3 26 78 53 38 11 5 10 38 95 79 9 83 54 54 39 93 74 75 92 5 92 67 53 70 14 41 17 13 10 5 51 65 31 77 77 42 67 80 66 3 22 30 5 86 47 71 26 81 71 11 24 88 93 11 92 59 49 10 66 19 57 73 57 39 44 70 48 98 4 26 100 98 89 
84
24
34 50 47 39 68 52 94 29 4 26 1 18 93 32 82 51 91 88 23 23 88 53 88 13 
11
37
74 19 92 58 51 86 39 81 54 42 88 52 99 9 38 11 79 4 22 31 43 12 8 10 68 69 67 17 24 16 14 40 8 38 83 56 3 
15
13
17 65 39 95 84 84 45 92 1 74 88 82 41 
1
88
93 9 35 10 37 92 27 72 27 6 86 4 64 9 33 18 2 40 30 92 97 90 94 82 89 27 35 8 77 31 62 2 83 1 50 98 17 92 21 54 17 76 90 34 31 1 77 37 2 94 83 81 11 99 96 29 8 67 95 59 97 23 94 78 13 9 61 85 46 63 54 18 77 35 96 95 2 60 29 33 26 81 70 78 48 24 35 97 
43
43
53 75 54 81 65 73 37 62 77 12 78 87 67 42 31 20 81 93 72 70 64 1 50 65 7 51 12 75 20 48 10 30 87 42 44 39 74 39 65 23 38 31 3 
6
88
93 31 44 35 1 84 3 92 73 61 19 54 90 40 3 31 79 1 25 92 28 32 51 14 13 33 38 4 34 90 13 54 23 78 62 19 98 32 84 37 18 39 84 26 61 49 66 47 25 79 88 38 44 70 56 60 27 90 16 76 27 56 52 56 85 74 47 36 47 85 70 31 64 55 57 20 80 28 20 13 95 4 55 56 28 32 83 88 
39
16
22 35 16 59 4 9 79 84 1 24 87 36 66 51 50 6 
2
69
21 35 33 15 20 26 51 53 49 76 71 9 20 52 10 10 24 16 71 48 16 44 84 90 54 78 56 60 97 61 11 21 39 33 34 91 38 93 36 43 48 31 16 37 93 94 73 73 26 50 45 49 14 76 74 47 29 6 68 93 12 44 18 49 24 46 69 65 2 
61
77
11 90 12 46 76 92 51 14 52 20 56 80 71 13 36 47 98 11 40 53 53 6 36 38 75 79 39 4 2 4 86 34 97 53 56 16 34 76 78 53 77 15 97 1 33 23 89 83 25 7 75 1 38 50 2 56 27 21 26 29 93 36 39 92 12 32 84 33 64 94 15 48 47 43 21 31 100 
69
6
4 23 59 55 73 97 
3
50
68 21 10 1 12 64 67 85 97 67 77 91 2 27 73 51 50 17 4 4 45 15 82 70 23 37 88 77 61 1 20 93 47 60 99 92 57 5 52 86 29 37 49 57 100 81 30 13 75 22 
13
26
48 33 21 58 33 45 67 13 77 47 63 77 28 70 14 45 97 33 61 81 93 52 2 82 74 96 
2
87
8 18 58 46 84 99 15 78 11 51 12 61 58 87 64 89 27 51 57 30 13 69 31 78 44 98 99 56 62 91 37 51 28 46 85 52 56 41 28 83 49 12 10 20 6 76 92 19 74 59 30 72 75 52 54 56 28 62 36 37 43 1 25 50 56 25 65 75 89 90 78 90 14 84 60 89 45 50 93 34 76 8 90 7 6 67 77 
5
55
89 8 71 8 65 63 79 37 73 99 73 4 26 50 26 28 97 47 95 7 29 15 87 12 4 26 62 76 7 32 84 82 67 89 29 59 40 68 2 33 45 15 22 23 48 39 2 77 51 37 39 43 42 58 40 
22
95
62 66 17 51 97 4 55 41 42 62 30 40 41 93 58 5 87 34 100 70 22 7 41 44 100 75 60 78 48 19 37 53 82 76 65 77 72 39 33 48 54 1 37 100 58 100 19 10 75 100 70 41 49 33 51 18 52 9 75 66 35 93 64 81 85 36 28 91 84 59 65 78 91 58 50 65 76 38 2 39 87 64 35 91 59 20 75 30 30 22 9 73 19 75 52 
37
64
59 75 90 21 92 86 57 86 70 89 7 73 3 63 23 71 8 62 99 27 29 21 57 89 22 88 33 99 54 17 100 99 31 54 36 85 7 35 65 42 60 48 60 12 12 61 23 31 80 13 93 28 38 70 12 19 20 87 96 45 44 98 33 1 
29
35
74 75 22 1 64 74 26 46 86 23 72 7 14 64 32 4 65 34 65 34 98 95 26 85 9 2 65 22 2 49 55 65 59 90 40 
32
66
60 51 93 66 20 68 39 7 28 91 77 21 30 14 39 80 45 80 49 14 10 46 87 99 74 58 85 14 59 10 22 10 28 40 93 9 31 78 22 92 29 51 9 50 55 47 28 82 49 98 50 76 55 52 83 1 62 1 19 15 2 8 51 88 65 89 
43
97
69 17 76 100 39 95 39 17 75 84 100 14 59 47 93 33 43 37 23 44 79 14 32 99 2 50 5 66 49 64 92 47 9 99 28 100 32 38 21 86 72 19 60 17 45 47 80 76 100 24 14 35 27 63 89 94 20 23 64 51 10 19 92 98 8 32 82 17 54 91 6 65 63 72 6 36 67 97 95 48 97 8 36 74 17 30 50 79 16 47 45 80 11 33 14 29 37 
28
30
68 9 63 45 78 45 61 33 24 70 22 11 72 96 82 66 16 73 28 88 70 14 59 30 24 61 71 67 94 45 
16
60
36 75 73 13 55 61 93 68 60 6 47 31 1 28 92 7 45 63 21 25 20 74 23 5 32 42 72 63 90 43 75 31 62 45 99 73 58 93 96 24 99 80 4 44 97 89 16 57 82 46 89 3 60 5 61 31 87 73 64 88 
26
23
80 32 54 89 41 45 25 81 55 87 47 22 51 11 30 68 66 96 16 52 4 75 51 
21
21
42 91 93 98 7 26 77 66 86 42 49 21 16 39 65 92 15 60 81 22 78 
2
95
15 99 54 87 41 18 72 44 42 60 81 69 12 77 93 89 95 78 34 49 98 68 23 57 60 80 62 48 8 5 24 12 52 73 5 53 5 81 24 95 96 40 61 27 20 5 47 92 55 6 15 36 13 30 65 26 66 17 1 2 48 33 39 77 62 24 84 10 89 45 63 87 90 46 64 17 23 13 29 97 49 54 61 49 57 58 56 25 14 11 19 83 63 67 76 
83
28
42 39 47 57 17 62 15 45 35 39 91 47 38 30 23 16 97 83 3 68 41 68 28 83 2 49 82 100 
24
56
25 46 16 12 84 48 49 88 76 70 86 61 12 5 57 33 62 69 22 95 8 44 27 43 1 21 16 42 69 11 69 35 36 10 72 10 5 8 75 14 51 81 40 68 92 85 32 73 63 57 85 3 7 92 80 18 
52
67
27 13 38 50 80 3 28 57 37 18 5 47 80 53 14 26 71 20 48 66 83 31 47 63 81 26 42 96 54 69 58 94 33 14 72 1 26 62 94 89 26 24 70 20 93 10 56 53 80 88 83 48 89 45 41 15 47 35 44 10 4 79 91 92 67 36 49 
17
84
68 61 95 56 75 79 33 99 72 47 87 15 62 1 21 5 50 42 25 92 23 46 74 10 38 4 54 29 29 55 36 27 78 66 6 85 57 30 75 86 11 12 44 15 90 34 52 16 44 1 62 38 96 25 63 31 59 14 2 40 54 35 6 91 26 55 70 75 2 96 74 7 17 40 65 81 37 5 95 4 71 40 34 8 
77
70
54 87 27 62 34 28 51 60 81 58 24 6 63 80 11 98 77 73 62 12 75 69 71 11 28 51 45 81 10 18 17 60 19 61 66 58 97 33 43 30 38 63 92 80 7 60 17 12 59 71 73 56 65 12 75 31 20 57 80 17 57 4 22 95 42 28 37 46 82 40 
41
87
59 34 7 94 31 19 59 93 54 4 48 32 7 61 84 59 16 93 59 91 10 79 89 27 68 9 58 100 47 36 78 66 29 51 80 22 46 68 90 27 7 56 87 32 83 57 41 64 48 68 22 10 58 100 48 22 68 52 49 41 65 91 7 67 62 28 58 17 48 14 6 11 63 87 47 14 47 28 92 74 74 29 80 87 61 78 24 
50
35
34 100 78 93 67 79 47 53 28 52 61 49 73 99 57 65 48 28 58 10 2 87 83 43 88 55 94 93 94 97 34 93 87 73 79 
25
49
74 46 50 95 85 41 26 10 39 13 93 20 80 44 48 58 24 87 79 63 43 56 6 59 2 14 64 61 14 63 45 97 70 28 56 15 73 47 2 99 77 22 13 87 35 59 38 93 4 
19
95
55 2 58 20 86 41 87 12 92 6 18 12 44 17 59 53 3 23 97 48 15 79 94 66 18 66 27 14 16 24 36 31 43 72 88 41 88 28 62 52 15 33 45 92 84 31 95 55 11 62 84 15 43 72 15 68 92 70 67 57 69 79 27 15 10 5 90 98 9 54 81 59 89 81 23 28 16 24 11 78 63 88 53 80 23 35 66 44 37 75 68 1 71 6 48 
51
88
39 58 14 73 82 56 22 49 55 6 3 97 48 41 44 18 47 99 30 7 95 85 85 92 74 2 67 88 42 76 41 33 78 47 92 59 62 41 5 90 24 38 91 25 70 53 7 51 33 94 64 49 61 36 28 7 82 49 24 27 9 18 1 21 13 4 32 100 75 13 44 67 94 99 27 46 71 44 98 70 18 30 21 22 76 17 63 51 
17
55
72 56 26 16 44 70 58 38 74 16 99 96 65 26 3 71 6 87 67 61 6 44 99 1 31 51 100 82 63 59 19 6 54 49 46 84 59 91 15 2 61 55 2 92 30 57 38 29 1 10 61 48 72 66 80 
54
98
80 14 2 44 96 61 49 89 54 15 62 25 58 63 3 30 79 57 54 1 74 84 65 14 99 16 14 22 39 68 31 97 61 48 33 41 51 28 9 30 91 60 6 48 7 71 45 30 57 90 71 41 18 94 26 47 63 51 36 9 89 5 84 9 62 36 24 21 50 90 46 50 68 99 90 24 57 40 86 60 93 41 83 24 86 83 84 98 70 65 72 93 92 15 87 68 13 98 
44
9
99 14 40 52 26 78 45 26 60 
6
29
36 81 60 25 88 87 49 28 83 5 91 14 40 42 85 14 45 63 43 35 37 53 91 96 4 13 28 16 18 
22
23
19 81 74 22 88 97 17 19 84 84 50 59 55 45 34 64 8 47 72 99 83 52 4 
23
72
93 72 59 43 92 56 86 9 43 91 71 9 39 68 19 56 19 90 6 87 87 74 89 31 44 23 68 29 91 97 87 33 19 66 63 75 30 93 73 95 32 38 88 88 40 52 69 96 43 51 92 20 98 12 40 37 29 60 6 94 31 77 77 39 95 20 55 97 91 43 96 13 
64
66
81 28 14 59 3 94 65 51 50 32 68 5 11 73 89 53 28 28 40 50 3 45 89 92 32 95 26 9 59 50 76 34 2 97 29 35 17 100 98 85 62 38 67 4 20 3 13 84 36 90 57 75 62 31 78 66 58 38 13 37 70 84 89 25 93 22 
66
84
37 65 29 31 55 86 99 59 26 57 17 65 77 52 1 83 7 58 35 73 78 82 22 43 80 40 2 63 50 99 6 98 14 8 21 84 25 77 71 59 89 2 99 68 18 23 2 19 46 53 39 34 53 12 1 53 51 80 33 65 15 39 40 13 45 12 28 10 87 15 98 88 41 49 18 98 57 4 56 4 76 9 7 33 
16
92
87 83 37 17 32 16 96 28 73 87 21 39 45 33 45 74 27 16 92 70 95 76 46 64 7 31 47 18 56 8 76 56 49 31 8 45 98 75 7 19 49 2 94 74 81 35 96 97 86 2 53 51 42 51 54 44 55 78 38 26 87 71 97 11 44 4 80 10 20 95 36 46 5 93 74 95 56 96 50 16 61 37 88 64 16 43 37 82 82 55 70 15 
87
57
64 76 10 64 85 88 43 77 39 66 11 8 47 65 22 44 77 99 94 99 95 70 97 3 51 67 16 64 33 6 97 84 31 35 76 1 60 2 57 45 51 20 44 78 26 46 8 44 84 20 8 37 1 39 91 4 78 
11
10
93 51 93 4 62 7 26 97 30 58 
6
18
46 39 29 80 28 16 51 96 100 12 56 60 87 94 3 57 50 80 
16
36
35 60 96 94 100 70 45 24 15 88 9 73 78 59 2 11 2 10 1 15 86 59 8 14 4 74 27 64 19 82 72 37 25 17 40 28 
20
6
85 84 14 82 33 54 
3
55
81 89 20 13 29 66 11 31 47 40 20 25 12 63 24 75 99 77 11 35 65 80 3 49 89 97 58 81 56 41 8 67 4 99 54 83 90 63 93 12 85 41 35 23 16 98 4 43 71 9 42 37 53 2 31 
5
40
13 41 50 81 93 33 92 96 48 36 6 6 14 68 65 74 3 21 59 5 26 31 25 85 96 86 43 87 3 61 40 55 72 49 20 55 82 71 29 81 
35
81
86 39 8 27 53 21 70 62 92 26 77 57 85 54 38 72 73 27 62 89 99 47 94 2 45 53 63 34 87 26 51 45 72 77 45 66 92 42 41 11 22 8 30 71 28 64 25 56 88 19 59 58 3 54 93 34 100 89 64 60 94 3 33 8 95 55 80 73 21 25 2 78 99 86 12 89 19 46 23 11 37 
20
42
51 12 40 11 83 89 55 98 23 44 82 75 68 47 100 92 33 1 34 69 39 43 50 35 69 45 85 80 47 50 76 96 15 44 96 83 19 87 81 8 49 61 
17
87
79 72 95 87 61 38 24 66 68 98 18 41 48 91 40 54 48 39 58 75 98 8 80 22 91 2 24 32 76 94 9 88 100 85 77 15 60 35 92 26 5 10 38 83 5 50 3 72 43 36 12 16 26 65 68 37 97 66 79 91 22 33 34 82 75 20 50 19 100 59 44 15 35 27 9 31 51 43 71 9 93 46 68 10 92 18 46 
56
87
50 13 8 93 49 66 47 38 3 33 7 30 49 94 82 98 24 34 97 40 86 54 99 14 35 97 81 80 17 12 35 76 100 31 47 3 68 79 52 44 39 23 49 3 29 83 35 28 61 92 88 10 59 98 61 9 32 98 100 7 1 13 58 5 2 62 80 27 54 5 5 16 41 92 98 42 64 30 41 11 50 36 85 44 17 38 58 
39
69
96 14 94 54 3 36 5 76 66 75 80 34 3 22 33 71 3 37 15 31 95 47 72 66 22 50 60 20 79 79 36 29 77 11 58 94 27 5 94 82 79 14 12 38 47 15 26 13 55 53 45 18 84 39 82 69 54 47 25 83 93 44 64 43 44 100 36 85 29 
62
10
66 67 34 38 64 40 17 12 63 48 
4
44
46 63 8 96 55 59 100 89 59 51 34 20 85 94 26 26 69 86 99 33 20 20 92 89 72 58 26 47 58 80 83 59 20 9 55 12 36 88 71 56 47 73 52 69 
5
31
96 58 30 67 33 100 73 55 55 84 2 12 67 5 14 61 80 77 99 80 15 58 37 39 63 65 14 7 99 43 15 
25
49
89 80 17 23 65 7 63 17 37 17 36 95 80 98 60 41 10 1 9 8 100 27 7 45 6 57 30 84 57 13 65 25 21 70 63 95 35 90 63 38 77 65 6 5 17 27 68 20 35 
9
30
10 78 70 59 10 61 78 76 53 49 50 77 97 49 24 52 54 24 49 92 13 2 80 78 84 65 84 97 30 53 
22
13
60 67 98 29 51 65 93 88 48 51 37 76 86 
4
5
6 1 15 50 16 
3
55
90 53 74 59 67 94 92 70 83 49 80 61 18 50 64 91 56 98 86 75 100 31 27 59 85 10 67 65 19 68 30 19 67 66 68 19 57 86 3 3 72 46 26 86 34 95 76 71 21 25 65 32 71 70 56 
19
89
13 78 26 77 8 67 58 88 4 29 84 13 47 37 14 81 36 63 30 2 58 100 29 15 6 98 74 94 59 15 53 96 72 38 91 9 12 49 49 35 42 33 60 95 90 66 63 24 33 67 10 3 49 10 45 47 46 69 61 56 15 90 8 19 1 51 68 45 81 96 70 1 11 39 5 7 90 4 97 59 100 49 50 51 22 47 44 38 99 
8
51
47 29 69 75 86 62 46 78 85 81 80 99 46 86 82 32 68 19 85 51 87 47 3 99 11 19 49 10 72 67 11 12 39 24 26 31 53 67 52 79 27 4 63 34 51 2 91 33 11 22 51 
42
78
52 85 59 58 49 98 23 80 27 54 77 100 38 34 2 37 20 77 9 40 50 69 53 20 94 37 40 95 6 84 28 11 5 9 49 51 88 4 26 42 88 64 97 24 27 92 34 79 68 23 66 47 48 70 84 92 63 96 98 59 58 46 86 61 81 76 93 34 98 5 5 17 62 92 39 85 95 92 
63
35
89 26 98 45 84 2 5 88 60 45 73 89 89 54 26 86 38 21 22 63 81 97 14 100 74 24 99 28 52 99 29 68 97 16 31 
14
69
9 75 70 11 85 79 12 2 74 15 56 33 90 18 58 52 87 4 100 82 7 47 69 93 65 44 16 82 3 17 6 19 5 79 44 48 78 34 19 85 48 79 99 74 39 70 79 37 68 89 45 34 12 92 33 3 57 35 23 61 96 3 91 78 66 9 69 78 20 
25
11
29 37 85 79 87 60 58 30 100 30 38 
2
47
10 73 11 89 22 52 40 69 32 30 13 43 47 61 2 73 36 68 56 71 94 47 88 15 31 65 82 89 78 82 79 96 81 77 40 36 68 5 34 61 48 59 8 32 22 65 66 
40
93
30 15 62 60 59 74 37 89 16 28 13 93 58 13 67 44 78 16 85 77 10 23 51 59 15 94 69 47 30 43 81 51 89 30 62 89 48 89 14 33 30 58 40 9 71 65 87 16 7 21 40 34 56 34 68 77 61 59 97 57 25 88 18 28 60 87 52 91 65 62 64 49 13 59 24 12 79 4 7 89 39 86 1 93 2 97 40 49 95 72 16 75 79 
69
28
93 10 83 86 8 82 97 52 57 63 45 47 72 11 75 10 39 13 72 15 57 95 47 3 13 76 30 40 
16
9
59 17 88 86 18 52 7 33 96 
2
89
8 9 4 97 3 72 34 58 74 75 59 90 16 67 35 95 66 14 88 51 51 77 41 68 70 20 68 5 63 12 21 88 65 94 93 8 60 48 26 9 36 66 46 48 50 45 14 12 9 81 96 4 79 58 38 75 58 89 99 15 18 15 2 34 28 1 43 43 48 43 16 9 77 40 56 42 76 60 2 18 25 83 50 58 62 65 32 25 62 
58
5
16 45 97 95 93 
4
17
66 87 6 39 25 31 53 7 87 21 94 97 54 60 31 97 52 
1
15
69 46 33 43 27 89 55 29 93 35 92 99 48 25 26 
13
43
89 41 41 96 44 83 64 78 52 70 96 96 6 33 30 33 42 55 62 11 30 64 49 30 14 20 84 30 41 20 98 78 12 52 5 86 35 6 78 28 61 77 5 
16
30
54 83 37 84 54 58 56 60 7 58 99 45 53 71 99 9 12 40 36 43 3 87 68 9 11 55 55 16 41 63 
23
81
80 4 13 32 100 56 76 27 57 94 56 61 4 82 35 54 53 71 14 79 69 26 25 9 45 57 67 31 19 15 97 43 87 17 18 53 80 92 51 63 88 9 43 38 97 47 4 3 57 66 100 93 90 94 44 50 90 38 5 30 54 93 96 91 70 91 24 64 51 69 52 70 99 26 40 37 69 71 42 83 76 
64
79
86 30 70 42 29 98 14 3 5 83 93 53 9 40 13 35 93 3 36 87 46 61 23 35 81 92 12 54 47 9 29 58 63 55 25 31 52 51 53 78 4 77 68 51 31 39 88 29 75 54 92 66 22 87 39 23 44 28 98 40 24 25 17 29 39 40 41 95 93 45 97 37 37 6 51 19 98 78 69 
23
61
72 14 1 31 33 9 32 78 100 58 46 89 16 58 42 62 3 54 2 71 99 9 15 9 22 9 92 48 1 4 87 56 13 12 24 6 16 13 70 57 94 85 44 69 81 52 10 67 59 19 38 57 91 39 35 80 75 5 2 25 84 
8
16
98 95 7 34 90 62 70 98 49 81 18 28 62 23 67 44 
10
6
100 58 7 15 20 95 
3
49
8 90 18 43 91 4 31 90 38 68 87 81 34 29 9 73 56 48 88 81 54 2 3 11 89 76 12 67 89 80 59 21 5 48 22 75 31 24 29 42 86 94 25 59 34 52 7 93 88 
27
66
80 86 71 65 81 48 70 84 56 30 96 39 61 56 84 25 30 75 88 34 11 32 33 49 84 27 79 65 77 62 82 2 13 19 73 57 81 71 16 59 35 43 30 54 30 62 5 20 94 93 81 21 46 35 3 44 90 80 22 36 98 60 43 34 41 85 
62
17
34 81 43 29 63 41 41 92 27 67 39 42 10 79 2 87 71 
6
92
72 31 81 88 98 18 15 61 63 25 100 38 98 24 44 21 94 89 66 66 73 45 77 67 28 18 82 30 69 11 81 52 43 79 66 2 72 63 45 20 34 73 7 7 30 26 9 63 48 60 40 56 83 64 11 94 6 17 54 17 80 32 91 17 9 43 79 60 73 19 11 40 34 24 35 5 33 65 77 62 80 59 27 44 33 62 70 33 7 62 26 3 
71
14
23 54 80 15 56 99 78 65 5 81 21 51 91 72 
3
93
92 49 6 61 32 21 40 52 39 21 98 73 8 64 48 29 86 27 69 49 27 95 22 13 60 67 65 84 73 33 82 1 58 73 27 17 21 55 39 44 6 57 49 81 18 70 29 93 61 97 57 50 53 90 22 93 83 40 31 69 5 82 35 45 76 12 5 68 63 23 14 34 12 70 17 90 31 89 46 75 65 42 89 100 80 37 20 46 17 36 71 43 6 
77
58
7 18 3 73 75 1 73 59 16 24 3 58 71 53 92 75 84 22 100 92 4 22 75 58 52 25 85 54 39 72 4 68 73 14 3 61 80 49 10 60 19 31 30 65 75 26 5 34 59 69 40 17 63 69 28 69 80 2 
23
15
12 94 70 40 39 66 69 57 91 6 7 4 70 68 96 
5
77
49 72 1 89 87 60 6 69 19 29 2 64 11 27 14 93 96 42 16 46 96 67 82 90 6 43 15 84 62 78 20 34 35 47 48 55 54 5 88 30 34 65 67 100 39 24 69 72 95 21 66 34 9 8 100 72 85 60 8 71 8 78 14 89 80 11 14 100 24 11 93 13 23 56 9 74 87 
45
48
91 93 81 64 21 82 99 47 96 77 51 76 80 65 34 15 72 70 20 84 22 28 80 1 19 49 48 98 12 76 38 24 83 90 21 91 15 86 33 86 77 31 74 1 56 77 60 22 
26
6
62 16 93 10 73 3 
5
61
40 55 52 86 1 71 18 19 46 63 40 22 93 86 94 60 82 80 33 23 12 18 99 38 58 72 5 73 27 100 77 47 34 99 49 14 91 37 85 15 72 80 95 93 85 32 22 7 91 93 40 91 73 78 70 79 77 86 35 65 8 
11
94
30 3 12 95 61 63 82 92 98 55 8 36 90 98 52 92 38 59 79 47 72 73 8 31 70 75 55 42 77 73 49 83 56 95 44 73 40 5 23 99 88 44 80 80 14 85 75 77 70 1 48 19 84 24 7 97 18 67 53 86 76 72 28 66 40 52 26 30 13 92 13 66 46 67 19 38 12 71 8 3 4 27 17 9 23 84 53 95 51 17 70 67 59 64 
14
55
19 64 22 78 51 63 34 34 35 28 98 71 47 87 45 77 5 98 65 71 32 47 16 56 88 53 77 2 27 67 18 92 30 37 97 20 17 24 26 28 8 43 12 70 88 28 96 55 90 16 15 91 98 61 92 
17
47
15 20 11 98 23 38 39 27 94 14 97 81 70 33 85 21 89 83 66 31 34 44 20 51 31 51 60 80 59 68 31 56 18 29 40 26 97 35 57 100 100 56 66 51 41 81 8 
35
91
85 58 30 99 23 93 97 84 42 52 51 31 7 94 27 42 60 4 64 97 19 36 46 8 70 98 35 98 73 42 75 19 99 68 77 7 25 70 27 59 7 42 75 9 60 75 10 58 63 57 35 18 71 42 38 33 42 6 25 23 19 80 22 25 89 28 82 82 32 79 22 76 97 43 1 82 6 61 6 61 69 83 42 15 88 86 44 52 89 92 9 
43
79
90 23 92 7 81 96 81 70 65 65 100 100 65 89 35 6 13 89 42 3 17 94 94 44 23 51 26 84 24 7 100 40 66 31 16 14 16 50 93 87 99 86 77 83 7 58 14 99 31 59 81 30 90 62 37 91 75 23 50 97 36 27 91 17 10 10 13 40 20 23 78 66 14 31 92 43 70 53 14 
6
46
13 59 14 94 55 46 72 76 88 25 73 51 54 6 78 34 20 45 59 65 32 21 46 63 60 61 93 89 51 95 76 26 53 8 10 78 28 12 64 44 40 56 24 35 60 36 
40
88
32 77 87 10 51 18 86 5 61 38 73 1 78 19 36 41 7 72 80 70 7 11 50 80 74 80 48 67 37 31 82 9 70 56 15 33 47 82 41 11 99 51 79 30 58 14 88 1 81 3 34 15 45 25 9 86 42 8 82 44 61 71 81 10 66 17 61 89 54 76 68 3 84 64 29 1 88 67 15 62 33 74 90 47 2 88 35 17 
30
7
67 3 73 76 95 71 56 
1
46
91 59 72 57 12 64 65 37 77 32 32 20 40 79 28 68 83 46 56 78 51 90 78 46 74 93 22 84 75 91 59 88 15 20 31 87 60 50 71 31 20 47 76 89 47 15 
18
9
41 87 100 15 83 24 18 87 50 
5
8
28 58 74 37 52 31 8 16 
1
73
53 72 81 83 29 37 74 62 67 6 93 85 24 30 44 51 90 30 27 93 50 4 32 89 24 76 79 64 73 20 41 11 61 86 58 17 87 17 9 21 70 73 45 91 30 37 96 82 57 15 45 55 54 97 42 73 66 90 74 67 36 27 16 35 28 48 22 12 39 96 43 28 66 
50
86
46 54 69 86 61 19 70 56 30 94 75 2 75 43 39 7 37 7 94 23 82 98 18 25 60 36 69 7 1 33 73 64 61 49 18 73 34 29 5 34 28 2 3 24 81 54 98 44 37 21 57 92 83 45 23 48 40 10 10 94 35 34 13 95 19 28 49 62 23 54 98 58 77 77 90 87 71 18 72 91 61 11 67 2 92 48 
10
62
33 46 66 76 95 90 76 26 41 40 39 13 79 55 67 82 45 66 94 65 20 62 19 81 8 96 47 9 47 80 42 1 59 80 65 40 28 87 53 23 84 77 51 90 48 99 66 31 94 74 51 73 35 36 6 69 93 98 74 1 55 34 
59
89
39 22 58 48 9 99 10 87 53 3 27 28 76 87 10 26 50 2 19 41 97 50 92 63 77 84 87 83 1 59 9 54 82 3 85 24 100 36 74 97 53 5 11 26 22 15 25 24 10 5 64 18 50 34 29 76 24 32 19 76 83 40 40 2 99 49 59 69 47 25 54 71 51 75 93 61 11 51 20 97 59 79 53 88 95 35 93 5 79 
22
61
52 71 85 48 91 41 77 87 94 92 6 82 56 75 12 80 39 4 47 84 18 28 69 89 29 25 22 41 28 79 60 31 90 91 45 10 44 60 21 2 83 15 64 83 47 28 53 89 55 96 68 13 93 62 6 55 81 74 28 85 37 
51
100
2 52 36 64 52 82 98 74 33 81 1 71 63 21 36 24 71 93 35 52 57 99 27 68 96 45 97 14 6 91 25 33 17 96 99 43 15 83 96 67 92 5 26 72 29 9 15 23 55 38 74 89 92 59 28 63 18 11 75 55 74 87 100 66 55 97 33 38 37 66 39 64 85 79 80 78 30 80 64 22 16 24 37 29 22 40 65 39 16 6 40 55 8 68 68 41 14 12 34 78 
67
97
11 83 57 100 100 96 27 56 87 94 75 98 23 16 98 67 6 24 24 67 27 86 57 50 85 78 17 55 56 10 96 25 87 48 53 20 42 77 81 59 33 69 15 17 19 43 71 78 84 79 94 42 58 50 1 72 61 39 44 2 37 70 27 43 42 58 6 63 69 96 73 66 67 16 31 62 56 35 62 88 29 89 95 11 41 67 84 76 41 21 95 27 64 73 51 65 94 
82
56
57 65 48 48 6 63 40 95 85 76 57 62 92 11 72 43 40 99 91 64 5 8 73 65 51 59 40 64 41 62 100 77 97 80 79 77 73 24 18 56 73 30 43 58 78 19 12 49 54 23 46 1 39 20 35 61 
15
83
36 4 90 56 17 62 36 91 31 54 67 25 47 57 46 98 59 77 81 61 21 98 34 51 89 53 37 61 10 26 44 73 44 7 53 86 68 92 90 98 24 12 54 81 28 85 70 40 77 61 49 87 27 50 41 71 99 11 23 27 47 3 58 4 56 97 85 5 100 61 79 33 52 64 63 44 69 34 4 66 90 68 43 
34
77
66 70 48 93 53 83 28 65 17 46 70 96 96 57 68 98 12 90 9 12 71 96 18 9 9 66 32 39 93 54 37 78 63 21 79 61 23 96 24 93 81 90 95 62 58 92 21 32 2 61 77 53 36 70 5 80 41 24 63 71 16 52 55 58 84 97 70 30 35 83 76 33 28 78 66 99 35 
20
15
31 88 92 23 52 19 82 72 80 31 22 100 26 80 57 
11
49
7 32 42 53 5 87 33 55 74 39 96 88 57 87 29 80 48 86 82 18 80 97 49 78 28 12 71 34 84 36 3 90 68 36 53 24 6 76 33 11 96 96 3 72 49 8 66 42 14 
4
79
11 46 66 43 47 15 32 89 59 8 21 89 81 10 74 58 11 42 68 38 80 40 46 26 95 60 59 7 9 37 68 89 2 4 62 84 12 37 91 76 47 64 58 87 25 65 61 83 27 62 85 89 31 60 69 54 77 32 4 36 69 80 45 41 41 20 50 94 33 42 95 3 12 68 76 97 21 55 90 
24
16
81 29 88 15 66 53 88 5 80 89 83 9 27 8 20 61 
12
73
82 8 51 82 72 43 37 88 14 74 13 79 7 50 43 88 4 85 16 56 24 52 5 46 79 36 27 90 14 7 40 65 59 3 59 98 3 36 17 5 3 29 43 44 74 6 92 58 3 31 19 82 66 24 32 28 46 25 55 70 81 79 64 1 86 3 49 81 64 50 25 89 98 
24
88
5 31 87 85 100 7 55 69 88 56 31 66 72 11 90 100 84 35 16 91 49 41 95 39 89 12 91 28 18 27 18 38 99 15 37 16 17 74 53 3 15 35 76 84 74 42 84 85 63 67 92 4 68 12 67 57 35 69 16 39 88 64 14 56 42 27 44 73 52 2 41 85 41 30 80 43 8 11 20 99 97 82 45 93 21 18 44 29 
53
21
71 42 31 1 80 27 93 92 80 20 22 65 88 12 67 59 25 14 51 82 21 
14
20
66 24 44 14 51 35 5 24 23 41 38 60 51 69 34 60 32 68 96 65 
14
89
47 17 70 21 48 46 22 91 31 11 76 69 59 64 46 16 2 24 79 37 23 43 71 11 65 20 68 64 50 21 23 51 79 72 98 6 58 85 40 13 80 60 57 9 98 83 74 33 77 36 80 1 80 100 14 22 34 71 54 77 95 32 64 17 4 22 47 61 32 18 52 71 70 98 83 89 45 100 61 30 17 88 22 40 10 19 3 42 35 
5
28
1 85 71 71 98 33 53 6 55 68 86 64 100 1 99 20 20 2 96 33 6 65 47 19 79 74 7 30 
27
24
10 76 84 22 94 33 47 27 44 78 19 35 80 85 57 1 93 20 58 4 71 83 91 63 
10
54
50 71 61 83 68 1 88 68 12 87 18 21 47 51 6 41 34 61 24 70 19 43 96 34 1 63 33 67 50 23 96 42 92 35 60 96 34 68 12 54 27 92 20 4 30 62 30 33 57 41 84 75 5 81 
42
57
16 37 13 20 15 21 18 47 87 56 91 24 74 54 94 33 60 60 72 71 15 11 74 63 60 75 5 52 27 17 46 82 90 18 8 2 35 18 69 83 18 35 93 39 45 3 90 27 99 32 84 94 76 82 65 39 5 
17
65
55 59 87 57 11 7 52 39 67 58 8 96 70 48 49 28 64 63 73 18 86 75 95 89 8 36 45 30 37 34 20 55 82 35 79 56 54 49 82 50 56 35 86 71 7 29 59 78 13 13 67 13 15 74 39 41 14 80 42 51 78 91 29 3 36 
49
72
36 72 20 11 13 16 47 40 57 67 33 23 66 74 85 76 99 28 80 32 46 15 99 92 48 40 68 34 92 14 31 91 25 50 96 2 78 42 58 81 7 16 11 55 2 5 34 66 86 26 35 30 10 70 53 28 84 95 69 74 24 15 56 13 99 81 5 86 30 51 100 77 
54
70
74 91 52 60 65 71 99 98 26 5 20 73 68 52 91 62 13 32 6 86 9 66 18 85 25 12 83 71 71 33 62 49 100 90 40 39 44 24 25 53 2 98 47 65 48 17 31 99 46 52 56 75 72 75 87 47 10 11 94 60 66 81 86 98 66 60 63 63 33 9 
60
74
11 1 69 60 17 37 77 7 90 65 39 26 1 25 45 87 42 86 3 53 32 100 74 87 6 2 41 76 47 35 37 86 62 62 27 5 88 22 13 66 11 60 22 87 96 52 76 46 6 35 97 29 43 65 77 71 92 86 87 66 46 40 99 75 16 11 3 60 52 29 68 98 13 66 
45
53
100 52 44 6 90 88 1 4 11 15 17 57 41 50 1 19 41 17 99 5 96 20 20 2 95 52 75 45 62 60 10 17 24 27 57 27 12 78 94 53 10 50 53 1 50 24 97 94 26 66 45 75 29 
43
72
62 42 26 43 84 24 8 50 75 92 43 53 15 74 30 46 48 30 50 76 33 49 74 43 18 47 67 33 94 7 8 70 74 20 62 71 57 38 24 55 23 12 23 11 11 31 81 85 34 56 18 24 99 86 82 36 20 78 90 61 91 75 70 32 64 50 2 75 35 12 56 69 
4
81
61 90 11 96 21 87 17 77 58 27 40 33 41 94 71 38 11 88 35 47 44 73 51 65 5 42 98 41 97 18 68 97 58 89 98 67 59 91 87 7 62 77 80 19 77 85 66 24 73 100 95 42 98 38 80 54 54 13 51 51 21 43 53 18 90 34 20 77 20 37 58 46 35 16 57 84 2 64 24 69 57 
12
18
48 90 54 77 20 88 88 48 70 44 59 11 28 95 90 68 66 57 
6
43
54 40 58 64 66 84 50 8 31 87 5 16 11 3 8 34 82 60 57 64 21 11 39 33 34 87 98 1 87 95 44 33 58 68 32 23 6 46 23 81 100 53 47 
12
49
98 47 13 84 23 53 68 44 4 20 20 94 97 38 83 32 99 7 42 80 32 48 81 78 91 38 77 36 67 94 41 83 92 9 76 38 31 36 40 38 84 43 65 60 36 13 48 76 67 
36
28
92 89 92 34 49 50 81 2 27 34 76 83 17 67 73 42 93 81 98 4 34 45 2 70 52 82 63 93 
18
48
70 61 93 87 42 72 61 53 32 62 77 62 28 21 9 95 35 71 26 63 91 85 85 5 39 80 59 99 1 92 98 72 89 41 14 31 14 52 35 33 65 9 12 79 33 97 93 96 
8
69
55 46 84 95 90 14 42 48 56 71 75 38 77 44 7 90 47 81 26 93 7 44 70 18 20 93 100 72 16 17 81 14 86 88 46 43 36 94 87 21 57 72 55 8 40 8 23 10 1 75 97 3 83 12 97 86 8 62 63 10 100 36 2 24 72 65 46 69 68 
66
92
55 83 48 45 52 40 82 20 50 76 69 58 20 22 9 28 61 88 2 4 78 35 93 25 26 14 32 90 3 85 84 1 49 65 37 19 12 52 91 60 95 73 10 1 88 43 51 72 86 88 7 4 77 84 43 79 72 69 5 71 52 59 56 95 10 63 6 83 62 93 41 97 91 18 34 43 50 55 20 91 78 87 7 18 95 31 39 3 61 96 67 56 
3
79
70 25 42 13 14 62 71 75 7 15 87 20 83 21 75 18 16 38 29 74 41 70 81 36 33 94 6 23 4 82 67 18 8 69 54 5 4 14 96 81 50 97 100 47 49 11 2 23 27 36 28 35 56 81 54 30 8 91 7 34 60 97 29 35 64 16 2 75 15 63 99 66 65 10 14 32 50 68 12 
78
33
71 12 64 43 20 28 23 33 70 59 92 23 7 40 90 54 77 50 29 22 61 85 82 39 24 97 98 20 98 25 44 12 10 
14
94
78 73 65 47 40 79 87 74 31 65 21 85 49 17 56 95 99 79 68 30 51 51 43 21 33 47 25 86 22 54 5 61 4 46 56 15 33 85 100 42 3 66 2 40 42 13 89 91 9 15 64 34 88 8 45 97 47 23 100 61 41 4 33 91 35 88 19 15 16 53 69 33 3 89 77 85 30 38 61 23 20 33 5 46 82 9 83 56 72 35 22 21 84 58 
56
6
76 43 34 15 45 49 
3
76
15 43 93 81 24 72 92 10 40 21 78 64 86 80 48 86 71 64 39 69 19 35 92 51 80 19 90 11 12 69 63 30 57 54 54 60 88 33 2 32 86 85 95 94 57 97 84 89 76 56 98 14 21 17 10 84 23 91 68 84 48 86 42 58 11 67 62 100 100 36 15 100 69 53 81 15 
61
55
58 57 34 39 93 51 42 24 94 26 6 28 41 88 52 35 25 12 84 77 70 19 35 79 3 57 10 17 90 88 9 47 49 81 78 65 36 72 8 7 74 92 81 35 4 70 48 8 8 50 85 88 73 90 79 
27
50
96 79 91 46 75 32 98 75 74 24 82 53 96 48 72 3 19 1 33 25 100 62 87 63 82 39 87 12 92 64 55 25 15 60 3 7 97 64 88 28 32 89 22 9 27 38 24 60 29 3 
29
30
39 29 93 98 31 17 58 11 74 29 91 21 82 38 1 59 4 67 24 52 5 36 23 53 35 75 39 73 14 1 
25
88
28 20 66 36 29 93 3 34 54 5 15 69 37 17 94 31 80 87 27 28 9 48 70 88 64 79 63 69 44 19 62 70 100 2 66 25 30 31 7 76 35 28 63 9 17 53 12 32 65 29 53 98 48 20 65 72 63 11 25 51 5 40 24 74 16 12 1 63 54 88 11 64 53 74 75 80 98 25 92 22 9 40 25 10 74 80 16 38 
41
30
94 95 59 84 48 14 33 65 77 60 52 50 23 96 45 20 62 30 70 19 94 97 48 35 4 81 61 35 61 41 
22
49
43 79 25 8 3 26 90 84 81 18 99 88 44 2 42 32 82 53 38 46 31 13 1 33 74 97 13 42 6 30 53 57 45 31 97 35 90 90 20 51 76 36 9 42 27 25 92 70 57 
26
42
76 37 17 1 27 63 29 89 3 95 44 80 30 99 3 71 2 22 90 92 94 36 42 76 32 56 31 2 33 98 32 97 10 52 19 42 77 77 76 61 84 4 
15
93
77 72 73 11 42 17 86 70 85 93 49 43 83 53 46 8 12 72 99 88 61 30 81 57 25 69 37 91 63 57 17 50 19 73 68 33 79 28 21 6 70 17 39 92 90 7 12 72 80 77 13 42 73 83 34 19 39 27 1 34 97 72 34 44 83 46 18 13 61 88 46 49 31 17 63 61 99 29 76 98 4 58 42 67 60 37 16 65 79 88 68 70 22 
23
60
29 32 95 27 25 7 87 78 87 57 70 82 84 13 34 93 80 77 39 51 93 67 20 39 47 93 81 93 55 68 47 16 79 9 25 74 100 88 71 75 8 53 72 13 58 28 48 67 67 84 79 17 47 62 75 83 11 27 90 54 
1
13
38 29 70 9 20 40 10 23 66 38 89 72 18 
3
39
89 35 8 65 83 57 61 50 50 98 4 95 74 43 48 83 31 16 88 89 81 34 58 81 12 25 43 10 63 99 6 45 71 54 13 49 20 81 19 
17
16
95 83 56 40 30 5 60 29 79 52 64 53 13 83 28 83 
1
90
91 59 36 66 21 93 41 83 12 62 24 20 27 68 74 87 18 32 39 37 38 25 1 68 19 74 43 100 12 69 69 86 58 76 28 26 81 42 14 49 34 63 78 8 44 67 56 62 53 82 25 5 46 15 50 20 62 93 20 44 27 12 4 43 29 43 32 28 15 41 2 38 76 42 41 72 72 99 8 44 80 84 97 11 37 41 30 99 87 58 
42
52
14 91 72 11 27 60 62 39 98 24 1 54 99 3 25 12 44 41 8 9 87 62 33 21 19 82 51 99 10 33 52 31 89 66 90 27 20 77 22 82 36 47 56 90 11 63 89 28 3 12 32 27 
46
67
23 3 12 79 20 43 22 57 40 75 10 65 21 98 85 95 53 91 30 21 66 59 33 19 99 30 66 68 65 64 92 83 29 2 20 78 59 27 74 6 59 73 58 77 5 99 93 1 12 94 67 70 15 57 97 31 10 75 30 16 37 89 14 88 80 30 45 
1
53
92 84 100 98 66 49 83 4 4 28 21 77 16 40 12 25 46 64 34 76 34 90 50 88 20 88 1 85 86 4 41 5 22 67 23 9 24 69 8 79 41 18 96 72 16 85 70 39 61 70 73 83 74 
47
20
48 86 29 88 69 99 94 83 50 64 95 74 54 41 34 95 87 66 5 92 
4
40
51 2 27 49 94 67 8 74 85 8 58 23 3 73 46 99 64 48 53 79 79 36 70 66 75 8 9 69 30 29 16 93 90 63 15 27 51 90 4 63 
25
70
100 83 29 83 3 8 23 67 62 11 71 78 75 48 50 61 94 2 46 33 43 70 72 80 41 64 18 87 5 80 34 40 60 80 5 13 13 61 64 71 76 82 3 79 82 13 77 66 39 32 59 17 82 61 30 70 36 94 71 8 64 64 12 25 18 53 59 22 85 49 
17
20
35 20 42 75 46 65 95 9 82 18 90 87 77 24 25 66 28 48 59 67 
2
66
63 73 57 58 27 46 15 88 62 28 38 99 69 31 38 11 51 58 33 17 62 71 7 56 35 76 76 12 100 32 26 83 13 98 97 83 48 41 90 13 56 70 91 16 88 45 39 9 5 82 20 8 15 73 88 8 76 67 21 19 94 33 72 29 69 13 
44
90
98 56 91 96 42 40 69 87 62 64 63 45 74 9 62 50 44 54 6 11 39 75 72 48 76 1 4 14 68 2 77 77 32 16 41 91 61 91 12 68 63 39 1 33 84 96 69 58 63 37 61 34 61 32 6 66 80 23 39 62 49 2 44 75 69 46 66 3 40 78 43 100 60 96 92 40 58 38 71 4 93 35 51 64 12 31 2 85 35 37 
35
46
47 18 21 58 85 12 86 79 99 24 12 87 22 34 23 34 28 89 59 49 73 6 73 16 15 2 96 47 86 36 20 45 25 66 59 87 44 86 31 32 75 21 59 86 56 48 
22
64
70 17 67 95 3 36 50 60 86 26 60 32 35 5 82 50 10 36 96 72 45 42 78 79 78 46 16 34 55 81 27 52 62 78 67 61 3 40 80 80 1 64 9 95 17 85 72 56 77 77 70 69 3 69 20 15 71 9 16 93 89 93 13 30 
44
23
92 91 4 92 21 53 86 17 34 22 87 57 67 10 38 15 51 90 44 17 52 4 75 
5
45
21 7 62 36 78 57 9 92 76 62 85 87 59 35 6 52 18 46 54 78 73 68 95 7 46 35 63 89 97 94 92 93 71 71 10 24 6 26 79 1 14 92 2 76 8 
24
85
90 16 81 94 91 3 56 36 90 12 35 1 4 80 71 50 76 12 13 44 56 51 68 12 41 80 38 29 28 2 19 66 92 7 39 46 20 74 73 30 47 19 66 63 93 38 70 87 26 77 16 39 30 7 57 36 43 39 55 79 94 9 78 88 44 6 17 12 94 9 70 50 56 70 19 59 66 51 76 29 48 33 22 29 57 
58
58
54 100 67 25 51 47 76 63 90 36 33 86 41 64 44 5 91 92 77 81 46 64 13 24 32 87 77 66 33 85 8 51 96 36 5 99 7 2 56 27 23 41 21 32 60 35 17 86 36 9 32 78 17 91 78 55 99 16 
38
31
7 44 81 17 92 13 40 53 78 73 67 18 83 15 54 26 44 30 76 47 41 51 93 61 23 90 23 97 33 61 49 
7
15
18 42 96 79 48 9 82 93 51 72 67 67 36 25 24 
14
70
23 43 53 97 3 97 12 24 48 62 100 39 56 95 14 42 3 13 25 65 20 12 34 2 86 5 60 52 19 78 44 78 73 77 47 13 29 4 95 95 90 83 26 27 84 69 11 18 3 8 77 72 15 37 18 98 6 1 37 69 26 88 17 27 40 42 92 44 30 95 
30
84
71 62 21 57 21 89 79 69 11 97 47 54 42 85 98 69 70 36 2 50 69 67 62 83 54 98 37 25 43 58 100 12 64 53 21 32 94 9 43 4 51 58 3 6 58 3 95 79 35 87 41 47 73 38 56 96 95 69 30 20 5 54 28 38 89 63 60 70 43 1 80 18 51 42 3 74 61 72 53 31 85 50 9 62 
34
55
7 10 57 65 51 78 87 45 72 66 27 84 63 71 13 84 42 11 17 5 44 33 42 49 17 91 65 75 33 18 65 38 94 93 34 29 82 25 66 44 54 88 73 43 70 14 79 81 100 34 35 71 39 88 59 
13
43
44 32 38 51 74 66 60 28 98 37 13 94 74 12 92 91 50 94 86 80 68 95 5 23 62 99 17 19 94 46 10 12 69 41 29 65 50 49 27 34 45 26 71 
25
64
3 56 34 39 31 78 18 41 62 61 74 89 53 82 57 11 39 61 14 42 47 69 24 84 86 2 67 33 76 86 89 14 71 58 39 2 15 33 36 47 28 83 32 49 74 5 26 73 29 5 98 63 41 56 38 12 28 52 46 69 65 16 9 22 
39
28
55 83 10 70 32 97 5 87 45 64 67 79 68 88 40 12 92 11 4 23 1 75 39 13 13 30 84 66 
10
69
25 63 48 87 83 88 90 19 25 55 100 13 94 46 1 66 31 76 32 17 88 38 59 48 58 91 25 46 75 86 88 52 39 61 35 74 98 74 59 99 2 43 20 28 21 98 43 66 28 34 11 72 21 15 85 96 78 74 56 8 98 97 46 58 41 15 59 70 33 
21
44
52 37 13 95 17 94 17 65 70 73 5 67 49 45 56 92 58 59 85 41 3 11 33 96 42 99 78 75 10 27 30 18 13 34 85 20 10 40 35 68 81 8 47 80 
26
63
22 63 44 63 43 35 70 90 18 27 38 98 39 71 99 46 91 89 56 50 29 77 29 92 18 82 52 69 51 6 24 24 20 11 76 11 64 96 88 62 64 42 1 63 19 10 7 78 87 50 35 68 63 30 85 37 77 98 29 23 54 30 89 
23
22
60 35 70 79 100 81 69 89 4 66 91 3 96 80 52 71 81 55 91 90 50 97 
21
7
11 31 18 75 48 39 88 
7
56
47 60 77 73 52 56 72 91 34 24 86 67 81 82 32 72 64 66 53 61 44 12 28 8 46 60 78 70 56 10 96 91 86 92 76 55 45 83 20 92 85 32 50 12 56 34 75 68 70 30 18 16 30 96 8 58 
32
21
65 49 96 53 32 76 5 23 18 88 23 63 65 18 17 39 68 13 21 23 22 
8
86
83 83 95 81 56 35 47 90 49 84 40 91 99 95 12 92 44 86 20 84 23 95 42 3 54 24 15 84 30 41 58 95 84 5 26 71 86 75 27 88 58 70 73 80 89 97 100 52 87 54 50 87 95 91 63 83 43 70 12 74 46 4 66 47 73 63 40 63 58 22 92 12 69 9 64 54 80 36 78 8 63 50 79 16 25 7 
82
71
15 96 73 16 39 62 69 74 19 36 36 83 52 88 80 66 32 24 41 42 27 93 73 37 16 55 7 64 14 66 83 92 42 38 76 15 52 52 35 34 90 12 87 14 3 11 1 42 50 90 2 5 90 41 92 20 14 23 34 35 76 81 37 53 99 97 81 75 19 23 82 
57
55
19 58 19 79 93 84 100 34 74 91 71 63 94 20 30 52 23 3 87 30 6 4 15 25 92 18 34 8 90 98 53 93 85 58 87 78 56 62 61 79 95 5 84 31 67 60 30 92 9 58 84 12 5 50 18 
12
42
9 33 94 19 92 97 62 16 13 5 56 32 65 39 67 12 24 78 55 73 91 6 18 16 30 83 9 52 78 10 59 50 6 6 47 22 55 7 49 6 63 51 
31
70
53 82 98 44 65 88 72 33 45 28 24 79 50 39 27 54 66 9 30 55 61 91 56 92 65 92 78 66 86 18 77 69 64 53 41 99 63 68 31 25 21 20 22 78 82 45 73 99 31 97 100 57 17 74 71 56 100 72 33 88 50 60 91 46 91 26 11 45 73 52 
36
47
16 76 75 8 86 83 72 25 19 21 11 11 24 53 70 54 88 94 98 17 79 62 47 15 86 11 78 95 3 24 94 1 81 83 60 72 5 15 3 23 18 41 90 15 86 27 56 
20
77
78 36 68 60 37 37 98 85 4 87 18 66 26 81 29 7 82 49 100 74 87 60 57 100 83 90 48 23 10 73 18 24 79 82 52 61 46 82 63 59 59 18 85 64 81 18 34 29 44 20 98 56 62 44 12 80 30 61 9 66 74 52 85 29 86 66 34 81 48 37 80 91 91 61 24 86 50 
40
57
64 80 91 13 4 84 69 67 10 33 35 3 74 12 80 23 64 37 60 18 25 66 14 10 79 97 18 12 46 5 57 64 65 67 82 31 49 57 6 92 90 48 44 36 75 29 91 91 58 65 49 50 99 86 31 14 62 
4
40
90 30 36 33 69 5 7 94 93 6 54 43 71 11 98 60 41 35 53 88 64 81 62 31 54 38 79 91 88 71 58 58 100 81 73 46 71 84 7 25 
18
17
53 71 53 13 59 62 33 50 81 85 80 72 74 36 86 51 43 
14
26
6 94 95 45 2 45 77 17 65 83 98 97 97 94 99 19 81 73 27 79 64 41 76 22 81 19 
19
22
97 81 87 91 38 87 41 84 86 50 7 1 29 92 27 36 47 64 91 83 53 81 
10
9
6 80 31 21 40 33 2 47 81 
9
67
55 34 92 91 40 70 64 22 75 58 87 95 25 40 3 27 15 66 93 54 17 66 83 11 87 59 32 35 21 80 89 97 5 13 16 100 40 16 66 46 94 44 97 70 62 65 41 93 90 13 67 19 54 80 10 16 61 46 10 52 1 90 59 99 15 18 21 
39
80
15 87 95 79 21 35 34 44 93 56 93 55 36 22 10 64 51 61 50 93 52 54 53 43 100 17 47 32 18 46 98 9 18 94 61 11 26 25 44 62 57 54 85 34 41 80 25 6 91 68 17 49 41 91 25 4 91 13 21 87 38 58 17 50 89 88 17 49 76 61 19 21 65 83 45 45 33 20 26 71 
69
11
42 38 88 50 45 75 58 51 90 25 9 
3
36
30 84 31 46 66 81 85 46 86 37 64 55 53 87 74 9 39 91 42 8 68 97 63 94 34 61 33 3 70 43 13 68 48 60 4 2 
8
77
93 18 47 66 48 14 38 29 29 92 51 45 87 33 21 45 75 14 36 96 33 18 8 36 19 42 63 2 75 89 48 75 67 89 22 2 6 76 94 57 72 32 12 16 93 58 61 58 92 71 13 95 91 52 100 95 10 6 7 76 11 65 74 61 30 62 67 65 28 16 55 75 46 65 16 66 72 
53
64
100 49 56 9 49 34 56 11 91 2 98 22 13 100 79 56 87 25 98 29 79 66 12 38 63 42 72 95 44 27 39 61 98 99 9 38 58 27 14 79 32 62 16 27 9 4 22 56 13 22 50 9 35 87 59 18 59 5 69 98 3 24 97 36 
54
40
60 64 2 37 72 93 67 25 23 1 59 38 10 23 63 50 21 60 79 59 13 27 79 76 24 90 43 78 25 14 68 39 6 10 41 34 80 7 12 52 
31
5
11 71 93 15 6 
3
54
8 17 59 43 76 54 51 98 81 78 68 72 98 33 30 9 89 38 9 76 74 3 96 82 99 44 55 81 42 68 53 26 93 56 6 27 99 93 69 9 69 28 81 1 16 53 78 10 61 9 26 81 7 72 
5
69
45 71 75 6 27 61 96 10 40 63 22 62 32 75 24 23 28 36 73 55 11 43 16 87 17 95 86 26 61 47 61 92 54 76 30 100 1 42 40 8 56 53 14 99 8 60 98 71 95 11 58 57 33 25 75 18 82 60 26 100 51 80 90 69 24 62 32 1 21 
67
36
47 47 96 81 11 76 30 30 89 9 95 28 21 77 26 65 83 53 17 44 29 77 99 78 22 68 32 35 88 6 48 90 88 61 58 53 
27
58
53 97 84 52 56 88 1 32 95 56 82 50 73 38 71 93 85 51 64 83 96 86 33 9 87 94 60 64 58 42 86 7 72 26 24 30 4 24 58 62 55 5 87 5 7 84 45 87 72 100 98 35 1 7 84 8 31 35 
12
29
57 33 100 24 21 36 54 73 33 90 55 10 65 93 11 60 65 27 80 95 76 33 47 73 82 90 72 17 9 
16
38
48 68 89 89 64 58 93 37 60 91 27 74 26 24 98 3 9 83 5 89 31 42 48 5 69 45 33 42 35 67 37 94 4 89 86 32 92 38 
1
24
71 68 99 62 22 85 84 75 48 41 95 72 53 28 33 20 78 72 84 9 8 100 7 41 
3
72
69 29 54 95 15 27 60 19 60 97 51 2 21 44 60 29 85 38 46 100 92 91 32 47 25 41 21 16 66 36 17 97 39 37 76 59 73 66 62 100 44 87 8 1 28 7 23 50 65 55 30 62 90 1 47 17 70 61 14 10 43 37 35 95 61 30 82 96 62 80 11 39 
58
82
66 78 42 38 39 45 57 27 99 7 30 68 65 66 97 84 26 79 79 13 75 78 96 92 49 70 1 8 97 29 31 21 22 13 8 7 94 36 53 96 78 94 54 24 18 23 96 68 61 53 30 75 19 100 62 26 75 34 59 76 40 43 57 5 81 23 99 32 39 6 90 61 12 47 64 18 13 90 48 2 76 49 
81
40
13 45 15 92 76 43 85 12 89 76 12 84 59 25 62 46 98 93 47 33 71 87 72 44 49 98 27 4 1 60 88 2 90 35 60 72 13 95 74 91 
21
19
49 80 10 38 80 97 97 13 65 10 92 79 78 95 52 88 31 58 81 
12
87
67 12 70 85 52 36 91 53 92 41 30 71 30 84 99 70 67 26 15 90 73 32 9 63 40 44 13 30 71 37 36 69 64 40 87 17 41 57 29 90 100 54 89 84 52 2 10 98 24 18 45 51 17 59 90 18 28 23 68 43 51 67 48 29 13 32 45 6 6 51 15 36 11 73 4 98 45 62 9 23 88 56 52 51 96 59 83 
82
19
83 47 46 12 52 9 35 10 54 38 39 34 76 5 83 81 89 96 35 
1
68
63 68 34 7 10 90 100 73 51 70 22 52 22 93 14 6 97 10 36 37 30 66 18 20 66 51 85 53 88 71 56 81 91 8 9 77 64 9 57 57 38 61 5 50 46 72 7 37 85 36 92 34 16 64 75 76 66 3 16 56 22 100 50 6 10 92 80 95 
3
68
54 64 67 36 66 85 85 84 23 41 98 89 57 26 10 19 78 39 89 77 90 23 2 28 30 86 2 83 9 19 69 28 92 60 68 68 77 60 72 40 77 19 100 88 72 31 51 34 21 28 76 52 97 46 59 81 63 37 12 29 47 67 62 93 57 56 30 13 
22
18
87 93 99 16 97 82 53 57 44 63 7 35 84 32 59 27 47 51 
15
6
67 55 56 79 3 37 
2
68
78 2 32 86 61 90 91 91 75 51 22 69 21 72 61 96 80 59 27 64 57 58 51 28 24 79 57 91 5 84 68 100 74 72 80 3 6 47 8 4 52 40 68 82 23 20 64 90 52 51 90 40 62 42 68 68 35 59 4 52 67 4 45 63 44 12 14 91 
48
56
64 36 66 9 30 80 14 67 20 64 52 62 24 61 81 73 75 17 51 58 75 46 3 34 36 1 29 38 60 18 20 100 66 32 82 22 8 65 17 11 43 74 56 68 48 96 74 99 3 59 33 38 100 58 85 22 
33
55
63 90 7 53 38 30 66 62 23 44 99 24 75 44 65 66 53 82 23 60 60 3 46 49 4 78 5 50 21 99 98 44 71 62 15 56 61 15 45 16 26 78 52 21 35 37 81 68 65 89 65 14 54 99 50 
9
20
17 85 70 52 78 47 86 2 44 40 92 29 62 19 21 34 18 56 22 62 
10
8
15 79 7 82 88 42 41 34 
8
51
22 100 86 76 71 88 22 76 5 87 70 68 37 71 81 91 28 47 36 73 55 59 96 15 74 47 32 66 70 33 79 25 82 99 41 93 38 89 83 61 82 91 4 94 18 5 44 87 50 48 85 
51
22
90 27 16 62 82 96 47 73 66 92 60 26 64 35 86 57 33 69 75 13 16 2 
10
76
29 95 7 34 19 99 70 59 4 49 59 12 77 27 23 75 33 6 33 63 84 34 11 21 63 68 15 84 89 82 21 68 64 69 19 93 52 38 26 71 27 52 97 95 30 97 20 55 31 57 77 55 50 99 28 59 61 82 5 99 46 6 95 79 69 95 79 84 71 30 57 53 96 19 19 1 
11
52
42 85 98 9 6 5 82 48 44 81 47 95 76 85 18 48 86 61 4 64 68 13 73 50 58 71 70 3 47 50 66 86 86 95 83 26 54 81 70 33 89 51 4 52 64 14 27 79 6 18 5 16 
23
69
86 7 17 36 67 22 41 27 3 51 91 62 39 80 51 53 48 51 14 81 27 75 41 52 20 82 9 5 97 60 30 69 52 66 30 17 29 82 45 48 63 73 98 27 44 78 14 63 93 71 17 54 100 93 63 33 18 88 74 58 21 15 19 55 35 93 32 73 6 
19
49
41 70 6 48 34 40 17 70 23 44 99 86 72 93 6 48 59 98 46 7 44 89 77 7 86 62 27 60 14 72 9 70 64 28 10 96 92 7 62 2 23 51 54 77 22 93 68 78 27 
45
5
71 40 72 8 56 
4
76
68 39 79 62 87 88 36 31 49 53 72 55 53 16 86 47 76 13 75 47 99 25 71 18 17 44 36 97 53 67 40 19 5 94 54 31 50 60 3 11 18 56 14 41 29 39 25 42 59 4 10 43 19 5 45 34 9 95 61 88 87 97 91 53 54 82 94 47 64 100 25 95 96 58 73 16 
65
43
44 49 10 98 55 6 8 50 16 14 11 90 33 15 72 88 29 80 30 61 93 99 45 60 84 3 16 46 79 91 55 75 52 29 27 55 61 24 93 14 92 52 61 
10
47
79 58 26 82 12 43 66 61 39 58 52 24 62 74 84 32 32 5 53 7 63 10 42 99 1 56 97 67 90 16 66 56 17 91 21 58 48 15 30 33 40 38 79 11 43 49 77 
6
82
74 39 86 50 92 61 78 29 72 99 3 73 88 60 28 35 62 20 22 91 26 10 6 87 37 4 23 32 54 70 26 97 21 68 74 27 92 95 96 87 66 94 19 24 12 6 74 61 69 35 10 75 86 58 94 87 1 38 56 17 16 57 61 24 4 96 85 17 6 83 7 70 1 33 25 51 31 4 36 30 9 5 
43
33
24 99 14 10 62 56 69 6 72 31 87 88 89 65 7 2 4 16 17 38 87 72 66 70 10 3 86 90 95 75 31 64 12 
16
95
47 66 31 36 65 98 44 63 14 74 100 64 18 70 64 10 88 16 21 97 66 73 84 57 28 100 8 64 73 9 39 10 3 18 5 42 87 60 7 84 70 44 34 13 79 56 21 88 57 22 23 82 62 69 65 92 35 18 14 4 75 30 95 34 5 53 72 90 80 88 100 37 38 53 45 65 23 64 80 47 48 69 53 21 30 61 26 25 81 60 10 76 69 39 8 
31
43
38 96 36 86 77 19 99 3 23 34 21 83 52 35 71 77 58 49 96 15 34 69 79 23 70 4 28 23 74 49 64 25 93 49 57 17 15 42 48 76 79 18 46 
37
69
98 53 50 63 58 47 89 39 97 97 37 65 100 13 78 84 10 18 80 38 75 33 26 31 20 5 37 97 46 59 72 9 51 43 62 92 17 71 32 56 14 92 74 1 33 96 87 6 60 71 55 65 80 58 91 75 97 97 4 88 53 51 46 98 22 16 23 73 55 
33
32
77 62 28 40 68 26 82 72 52 31 72 60 38 43 82 39 15 49 47 24 97 23 32 46 96 78 73 11 61 14 85 5 
9
72
18 6 2 73 74 9 38 33 52 30 14 61 68 80 62 54 91 96 37 87 92 37 30 54 56 39 78 7 98 73 93 39 54 34 29 50 51 39 20 87 54 12 93 7 81 77 26 84 16 14 41 44 2 43 54 96 100 64 68 93 5 16 99 39 60 39 33 40 77 100 68 85 
68
76
88 24 99 33 88 20 25 32 40 7 25 82 28 41 100 6 88 77 53 89 86 48 66 67 44 1 28 88 60 79 49 54 25 37 50 11 2 97 29 63 67 71 65 48 27 9 11 1 13 37 66 46 27 100 15 100 56 40 51 41 1 91 55 6 62 91 75 69 20 68 59 94 88 9 30 1 
56
34
65 77 73 76 24 93 65 67 89 92 70 28 40 48 68 49 51 1 42 16 14 32 44 2 9 33 55 95 29 94 91 97 20 50 
6
5
53 70 80 66 58 
2
59
27 47 85 80 47 34 35 63 19 14 80 2 95 97 74 84 47 87 15 93 26 31 52 90 21 59 49 73 84 63 74 56 53 8 74 93 30 40 65 76 94 75 60 47 15 59 96 60 98 92 65 81 71 45 83 54 75 72 68 
48
40
13 49 81 54 1 65 17 11 57 75 6 63 1 35 85 70 62 77 66 89 58 48 86 35 24 81 12 84 22 76 18 50 16 89 71 22 27 49 64 100 
23
61
4 41 96 43 25 1 44 40 37 96 22 98 19 26 88 26 78 28 36 22 32 56 33 39 51 26 13 91 16 68 51 39 16 23 70 87 56 94 79 21 38 68 60 27 55 25 90 65 56 47 67 48 100 33 49 28 29 64 45 88 18 
21
84
98 81 1 77 59 46 31 67 65 70 2 32 90 42 91 10 60 52 68 37 25 38 54 82 70 6 54 23 58 3 74 26 46 56 99 80 69 67 48 50 43 98 36 47 90 31 79 77 64 10 56 19 99 39 70 6 2 23 37 40 43 29 59 24 6 63 43 33 23 51 34 49 96 3 72 60 96 32 88 13 21 71 93 28 
65
43
11 8 37 22 9 90 48 56 14 47 25 61 45 96 2 59 45 32 3 65 18 86 88 100 42 8 94 61 75 52 24 7 21 59 45 45 85 98 99 35 7 79 14 
18
21
71 88 89 49 4 76 63 61 47 35 40 79 14 9 98 43 98 95 46 7 24 
13
45
73 73 30 32 55 19 13 57 18 63 97 95 89 17 81 7 62 36 86 39 82 66 36 28 33 66 86 47 22 83 15 22 91 92 87 68 67 23 70 65 7 69 48 42 81 
9
79
90 77 15 94 21 23 27 85 87 54 52 12 47 71 87 88 9 93 3 67 94 97 58 64 100 39 87 56 83 24 9 90 70 98 27 66 34 37 64 34 83 86 68 14 13 38 34 97 40 31 58 78 80 38 86 35 73 78 56 42 55 49 33 100 69 31 45 29 53 26 38 78 10 11 91 82 60 42 72 
75
84
35 67 19 40 27 76 49 93 37 13 80 10 85 100 69 7 85 36 34 16 72 30 2 82 63 44 12 87 16 27 10 73 23 77 93 71 84 31 89 18 39 87 57 62 47 15 77 53 95 55 70 75 98 85 87 92 2 86 81 44 14 54 92 81 34 82 41 30 72 54 61 23 9 2 68 65 57 53 94 4 67 66 18 84 
25
84
26 96 22 44 55 16 38 16 5 9 85 49 2 21 85 28 38 1 88 22 29 15 87 40 74 92 49 80 21 6 4 36 84 30 70 58 13 37 95 85 25 100 53 77 94 19 54 24 16 84 70 9 19 71 24 76 75 9 25 27 77 38 84 9 66 35 3 57 100 33 75 71 73 83 86 74 29 13 90 38 9 93 69 8 
41
16
63 68 99 64 38 46 67 79 16 66 19 28 65 57 10 79 
9
74
77 42 30 67 42 76 40 44 56 7 6 63 42 10 24 1 64 60 33 8 97 2 95 42 59 79 83 88 83 91 38 56 45 1 97 28 54 63 73 86 62 66 25 50 64 28 95 24 98 1 27 52 75 68 68 37 19 24 1 39 38 39 89 56 77 48 35 34 56 23 96 78 56 89 
22
45
51 53 99 65 56 15 7 60 1 55 58 40 24 2 25 38 24 86 33 6 95 70 48 43 18 50 84 43 85 23 49 95 84 38 86 74 65 16 49 46 97 16 10 74 94 
6
8
45 99 50 53 86 98 23 21 
1
24
52 44 72 21 18 28 56 73 87 53 84 92 77 62 75 48 60 64 65 65 6 32 81 32 
22
19
7 44 24 81 84 23 43 1 3 3 22 40 7 78 48 79 3 39 36 
12
9
75 61 57 44 42 85 71 77 34 
3
37
5 60 64 79 26 35 64 9 36 96 4 25 20 49 45 1 31 62 24 60 58 36 88 44 60 72 46 6 45 7 77 41 74 65 55 98 28 
15
31
86 60 80 5 54 48 86 23 100 96 12 21 97 10 42 65 47 34 46 40 18 80 25 10 96 18 37 89 88 49 14 
28
76
18 63 7 23 34 38 31 24 21 8 36 71 12 8 51 28 25 25 56 91 85 39 48 17 28 83 39 20 40 3 35 34 85 18 31 58 52 14 16 23 13 28 4 21 29 24 47 90 30 86 30 35 17 1 73 32 81 56 66 73 100 93 15 41 84 47 63 65 62 22 52 23 79 29 25 17 
9
54
29 97 1 99 81 36 65 19 64 61 74 79 66 38 55 26 72 33 9 66 98 83 6 41 93 13 67 90 9 81 88 48 3 24 95 31 75 39 47 37 66 19 71 4 37 53 64 33 23 68 96 20 15 83 
6
8
44 68 27 82 61 33 83 8 
8
36
43 65 4 42 35 36 73 48 82 93 66 63 51 93 47 9 97 19 73 76 30 23 65 87 5 60 84 61 59 41 41 68 46 54 1 28 
2
64
42 70 67 27 51 99 60 20 7 36 92 2 37 55 4 18 98 59 56 86 3 15 83 66 42 79 98 93 73 16 9 82 35 68 61 30 39 86 33 69 96 84 26 24 22 56 49 94 14 60 84 65 28 32 26 34 3 73 32 25 61 34 79 59 
50
90
28 36 92 81 20 73 6 99 61 67 68 52 66 25 92 68 8 24 23 75 75 73 23 84 88 58 28 26 44 57 53 78 38 60 81 25 6 99 18 30 65 80 37 63 78 71 20 5 49 97 20 9 76 65 1 76 14 21 67 75 88 68 9 25 71 10 1 29 68 40 31 34 20 41 35 98 94 21 18 3 51 50 38 94 6 35 65 61 82 37 
31
56
17 67 2 53 41 20 14 80 56 14 96 17 53 44 62 16 95 55 92 1 13 19 46 5 65 83 36 54 40 25 15 8 62 90 57 18 51 99 13 78 96 9 94 94 98 11 83 18 43 39 8 55 61 85 35 76 
51
24
2 41 79 21 5 48 3 34 55 41 69 20 15 88 26 33 27 73 77 32 26 61 22 36 
23
89
33 65 27 77 6 51 33 78 29 32 19 83 17 90 52 61 34 23 77 27 45 5 37 67 10 24 4 95 96 51 65 52 97 29 1 100 84 61 6 20 83 10 31 73 54 94 11 17 78 47 40 72 98 63 53 30 48 23 65 29 1 94 74 22 88 47 49 87 41 48 68 63 41 51 31 98 36 2 69 50 82 84 90 90 79 97 57 20 34 
83
64
20 49 72 89 13 78 55 53 72 59 59 12 21 83 20 11 69 78 100 24 34 53 64 57 99 65 9 84 83 82 64 55 85 74 5 93 24 60 54 89 52 22 73 92 24 62 5 76 47 43 27 49 33 26 59 22 48 68 98 36 62 91 98 28 
29
87
65 8 2 67 21 60 81 89 88 47 40 29 87 77 1 13 30 32 77 90 16 70 29 17 71 31 39 76 70 39 85 62 43 49 37 9 59 44 94 86 49 64 27 78 42 75 79 88 42 33 70 44 11 45 6 63 73 70 90 26 88 97 42 57 39 1 77 42 64 78 50 24 94 57 2 14 66 24 13 11 85 82 18 72 33 50 73 
10
52
33 74 89 27 53 24 40 81 12 75 53 20 59 1 39 24 76 43 55 28 79 46 18 99 85 82 45 88 60 40 74 34 97 44 80 90 28 46 56 58 31 50 78 13 74 90 66 3 39 13 48 40 
20
81
12 95 64 63 49 33 63 39 55 51 82 82 16 99 56 94 16 96 46 82 44 82 54 71 27 76 85 4 18 59 92 59 61 31 22 3 39 28 29 56 51 53 22 61 73 4 64 17 2 40 71 32 27 82 55 53 53 20 63 14 38 16 21 64 23 20 31 15 14 23 97 92 84 84 55 31 69 26 59 36 11 
60
42
80 49 83 57 72 21 14 35 48 26 60 98 42 98 53 45 38 21 60 97 40 57 58 48 28 78 14 63 90 12 61 34 94 89 83 97 85 30 36 7 36 66 
15
29
62 97 56 36 18 82 5 88 2 36 71 39 14 56 34 51 92 36 9 35 23 26 56 23 91 88 85 90 84 
16
86
97 83 46 66 61 10 47 8 26 13 52 36 6 35 5 84 29 26 84 61 97 14 100 20 72 78 33 27 78 48 66 73 79 65 10 35 51 13 71 80 54 2 35 44 63 6 55 29 28 57 69 10 52 53 5 30 73 90 75 71 61 34 64 31 25 87 37 59 18 20 13 98 19 80 68 43 79 27 73 66 32 70 73 42 33 34 
1
98
77 25 64 61 48 16 5 39 9 7 40 31 2 96 73 45 16 38 66 53 22 13 96 9 21 35 36 100 24 49 60 37 13 56 85 100 33 92 96 25 86 31 90 16 29 92 32 55 51 88 86 99 31 58 91 2 45 98 68 76 38 10 22 26 62 74 72 98 73 51 59 86 77 20 45 59 97 63 39 3 34 20 52 68 7 24 38 60 24 92 86 24 18 84 94 11 67 59 
53
45
95 76 33 43 79 14 95 12 98 34 11 8 96 79 17 96 37 46 37 27 68 76 73 5 60 69 58 16 57 76 25 95 30 65 90 10 1 86 40 85 49 69 56 64 28 
36
38
78 33 72 46 65 24 4 69 48 66 76 14 95 4 98 33 16 67 81 86 2 26 16 87 25 56 86 33 96 52 38 78 100 9 23 35 69 54 
4
83
45 23 58 45 91 1 46 97 9 39 25 27 52 90 93 77 21 8 79 22 45 9 24 54 1 69 78 72 3 26 19 20 65 95 41 7 41 66 63 58 92 27 33 71 69 1 44 30 30 81 76 31 69 76 51 71 54 29 88 32 60 43 96 60 92 60 100 44 85 71 8 39 97 94 3 42 5 67 83 22 34 87 19 
21
79
8 81 18 80 61 8 29 53 84 1 28 95 53 46 24 15 96 78 40 93 41 40 84 62 59 89 87 11 30 70 71 90 5 57 62 79 67 63 78 28 84 82 18 17 42 46 12 45 8 53 58 27 90 32 28 12 98 9 34 47 95 36 24 10 3 62 91 92 67 29 73 99 26 90 22 91 35 64 53 
1
68
64 31 1 91 47 87 53 61 81 4 57 66 29 24 40 90 1 57 82 22 46 2 12 67 14 96 80 99 29 87 40 49 92 100 70 53 57 80 76 22 88 40 43 58 43 25 6 48 9 67 48 78 56 78 32 85 51 44 43 16 26 96 99 8 85 10 59 1 
60
77
72 5 36 87 69 87 59 49 20 20 85 81 55 38 61 95 56 50 90 34 25 55 15 61 58 49 6 23 14 63 90 68 55 77 53 18 66 53 77 59 55 100 49 48 97 53 11 16 50 26 30 30 76 76 73 55 36 35 4 60 73 69 40 67 10 53 16 80 60 55 66 67 56 52 24 58 79 
32
16
81 15 87 15 58 86 53 59 59 11 14 5 76 60 90 61 
4
73
31 5 71 26 31 50 59 69 48 47 23 29 40 70 36 69 74 3 87 58 28 10 1 62 76 37 44 13 91 76 70 22 58 77 40 64 20 8 45 98 38 99 84 28 66 41 99 62 57 52 50 91 85 55 20 39 29 74 80 26 15 74 3 14 7 69 9 3 50 5 41 89 39 
46
46
77 13 24 39 16 42 35 72 1 49 60 57 57 4 4 83 23 91 17 68 28 94 25 22 32 53 47 68 30 54 8 14 72 76 72 84 84 89 79 35 62 18 93 71 13 84 
14
7
55 63 57 86 38 11 46 
2
50
2 64 81 88 11 98 6 23 90 25 58 41 61 28 67 66 5 17 76 33 58 83 36 19 50 87 97 20 84 68 48 39 73 7 21 64 29 21 30 79 2 73 39 92 95 35 52 21 22 8 
5
41
2 74 40 11 27 17 36 71 63 63 63 85 37 87 92 74 15 52 27 98 68 41 39 14 4 76 64 63 78 96 18 39 78 63 79 91 32 66 22 62 28 
28
96
88 71 21 65 52 72 32 26 20 67 3 17 18 95 84 34 95 2 35 78 55 69 49 90 87 99 92 87 15 25 33 24 20 96 20 3 90 48 78 22 87 51 13 11 33 19 19 33 56 99 92 29 59 29 98 78 11 15 39 15 97 29 99 66 9 44 88 16 84 98 13 83 70 11 70 98 23 44 55 88 12 22 65 44 45 62 83 33 8 99 7 19 51 26 1 13 
35
41
53 37 23 79 29 82 32 74 3 75 22 53 94 11 67 74 27 16 21 29 59 73 30 15 56 34 43 24 93 70 68 19 25 25 91 62 66 50 12 22 81 
28
98
64 6 71 11 34 91 77 32 75 53 12 31 100 23 38 40 91 100 36 5 68 70 90 2 77 21 57 34 36 49 72 39 83 92 73 78 8 6 32 98 82 88 54 89 20 78 1 5 10 97 100 65 84 19 51 52 80 78 18 42 64 93 97 67 70 73 72 43 6 70 28 88 49 29 9 52 57 92 53 28 72 7 69 82 62 99 7 4 40 74 25 57 21 20 67 75 42 6 
10
37
40 73 45 10 98 50 37 14 11 38 81 71 75 29 14 38 13 84 45 92 62 73 2 68 4 73 16 90 95 21 82 73 52 67 8 33 100 
13
23
6 37 12 53 47 73 91 44 15 99 75 63 55 22 77 81 32 37 66 27 61 50 87 
3
47
66 57 26 28 29 88 46 23 97 85 59 18 23 24 8 70 98 8 25 90 39 63 16 17 42 45 93 69 26 1 81 84 60 17 61 39 45 94 38 71 46 75 87 20 80 69 18 
21
90
82 38 35 62 33 6 57 33 73 97 68 39 99 45 93 70 33 17 76 94 74 88 32 37 46 17 16 2 94 99 87 72 12 54 77 90 5 54 37 37 44 20 45 23 100 12 81 16 70 51 34 36 90 30 72 55 28 42 65 87 58 60 10 100 13 97 81 12 15 48 4 35 16 78 11 81 67 21 31 51 68 18 36 4 62 32 52 73 72 15 
26
37
77 99 64 43 100 18 46 73 52 66 99 36 73 79 8 55 96 58 90 37 51 33 5 79 14 13 83 33 17 19 94 28 31 22 48 83 22 
26
89
66 18 5 19 69 12 6 53 22 34 88 87 49 79 60 52 95 44 87 95 56 95 66 21 46 91 97 28 18 13 7 47 48 8 38 1 4 51 29 95 21 12 22 69 97 8 32 1 70 20 32 33 70 49 15 20 100 66 23 100 7 74 22 16 85 16 94 28 93 71 33 8 100 14 1 70 79 86 84 29 55 1 82 79 73 82 18 54 90 
78
37
60 31 80 89 97 11 76 66 71 47 71 81 97 85 65 7 3 56 68 25 37 19 80 44 3 9 36 96 60 95 2 21 14 82 3 44 87 
11
13
38 39 22 55 98 43 83 44 3 70 53 61 21 
6
52
56 42 29 79 85 28 99 78 5 83 99 75 75 91 79 18 17 42 70 47 48 77 58 99 25 90 11 85 89 16 93 82 31 86 36 71 58 80 35 27 89 98 45 88 62 22 97 82 82 38 41 59 
13
17
81 90 38 99 62 10 86 67 27 53 28 65 80 19 94 43 31 
2
25
26 45 25 69 76 48 13 2 22 97 84 76 66 83 34 62 100 51 100 14 13 23 82 36 64 
10
86
7 12 76 59 47 32 64 5 74 15 8 83 52 54 15 21 94 37 7 26 37 40 9 47 4 63 4 74 84 5 80 64 93 76 36 92 10 33 62 72 80 23 29 61 62 13 88 68 81 84 35 5 4 3 17 84 24 11 55 46 31 21 73 17 47 43 27 34 12 78 54 38 92 37 64 53 28 81 32 66 87 53 68 1 67 97 
57
44
70 75 64 86 93 44 94 31 14 85 16 84 84 40 81 43 28 100 28 70 44 46 22 66 71 33 44 5 87 70 49 20 88 64 94 26 81 25 83 96 63 10 46 99 
41
49
19 47 45 35 80 20 59 32 55 26 86 48 76 68 91 41 81 88 9 67 75 53 79 75 10 16 84 54 87 7 63 26 4 39 93 49 28 23 62 56 26 30 92 57 9 26 12 65 33 
7
25
68 24 31 33 38 76 41 14 10 11 37 28 81 85 78 96 62 59 53 88 8 46 31 89 93 
4
46
56 20 2 15 63 86 90 60 75 77 34 23 84 66 89 85 12 91 4 56 57 58 97 5 53 59 72 23 81 20 96 91 91 16 1 30 37 37 17 53 68 100 35 96 91 82 
9
94
29 35 100 85 91 63 85 85 8 86 68 36 60 17 36 40 57 36 76 23 52 32 46 40 74 95 1 87 100 84 80 67 7 39 34 13 70 45 88 30 27 33 87 52 18 87 49 84 9 96 42 11 95 81 28 97 54 6 21 48 65 84 97 4 43 53 45 61 16 46 29 44 11 88 85 54 83 89 74 91 80 28 54 9 18 43 70 1 84 18 75 9 77 29 
47
59
78 48 25 86 94 30 42 71 23 91 52 92 79 99 86 72 70 100 96 12 61 85 3 8 2 82 77 63 40 70 94 22 1 44 27 69 48 63 54 81 45 64 71 81 14 92 35 82 61 44 95 92 86 72 78 58 79 55 52 
45
70
58 13 42 70 55 89 30 57 17 94 88 60 64 5 16 90 53 7 40 54 26 64 26 55 85 82 1 15 67 28 13 11 68 93 49 72 66 91 65 10 91 19 95 63 69 6 23 38 6 11 78 37 24 67 45 13 60 83 55 56 16 64 98 97 42 20 20 91 30 27 
8
16
72 75 54 91 78 48 22 80 79 94 14 69 49 8 13 10 
8
100
84 44 86 88 98 13 61 10 62 16 97 17 31 19 5 76 65 81 44 86 27 16 82 77 50 99 74 52 23 41 20 95 99 84 88 80 28 99 43 55 27 66 56 27 32 85 100 13 86 55 29 44 62 34 18 17 93 4 2 56 27 16 57 93 92 41 32 60 84 73 62 100 40 40 18 28 99 48 58 80 79 27 87 22 7 44 20 97 4 48 48 47 86 52 13 25 84 59 15 14 
97
83
95 43 67 94 8 71 62 29 24 38 71 33 65 27 69 45 4 36 73 81 53 3 45 85 69 98 12 9 44 41 22 69 94 57 94 44 92 90 81 68 61 88 55 95 39 42 74 3 54 27 11 43 22 71 35 19 26 88 23 57 75 22 37 80 79 48 40 94 27 33 63 76 60 85 95 98 63 100 88 70 34 1 78 
9
85
13 96 92 17 58 13 60 83 22 82 78 66 19 93 83 36 13 97 13 60 64 77 1 57 99 61 13 20 14 30 58 78 64 33 64 50 5 72 87 57 9 11 1 4 81 69 66 4 88 21 95 2 99 70 69 6 38 100 79 55 60 90 45 68 28 87 38 71 25 71 65 12 98 78 28 54 71 96 13 6 62 5 23 11 82 
17
34
94 71 57 83 40 6 44 34 76 91 39 3 57 10 60 46 40 30 41 85 81 3 28 37 54 13 70 39 92 32 65 65 61 96 
19
17
36 59 70 28 48 64 33 97 27 63 1 6 73 63 98 59 77 
8
76
47 71 51 25 3 64 26 77 1 78 63 26 72 2 50 80 33 35 47 31 6 83 47 19 66 75 97 39 54 6 21 70 21 94 88 25 2 5 54 30 58 59 8 91 33 49 48 95 50 13 20 84 73 77 50 83 34 65 19 32 65 76 31 48 10 93 51 69 75 36 100 89 1 88 12 44 
24
34
97 43 89 11 59 37 47 99 81 8 77 55 77 29 69 35 3 59 66 24 1 5 71 22 50 29 25 74 90 77 74 47 80 80 
2
81
77 52 48 92 84 88 16 23 75 97 57 92 70 3 89 3 94 73 29 94 23 72 59 33 92 24 70 76 4 40 63 76 89 62 58 94 91 45 50 1 97 79 77 63 69 91 9 3 52 65 79 10 27 62 2 96 45 28 100 40 16 7 32 71 3 44 42 99 83 12 94 97 54 71 10 43 65 29 85 81 72 
14
79
26 39 47 83 32 10 41 96 81 39 12 95 93 36 19 84 52 85 34 56 36 51 32 69 2 2 28 33 27 53 22 59 2 14 100 38 13 67 37 56 75 32 57 86 86 56 83 60 59 88 99 31 28 92 15 20 5 80 43 73 36 46 62 13 27 15 63 23 88 20 64 77 64 82 59 59 98 43 52 
24
33
92 90 20 62 96 27 33 60 51 26 14 9 36 83 95 74 68 8 46 90 39 6 20 15 15 31 75 89 86 43 50 44 71 
23
75
25 46 6 54 87 46 18 48 78 42 72 51 73 47 32 20 69 15 83 91 1 31 70 14 75 95 69 22 36 72 73 68 43 61 33 5 17 28 57 79 54 50 76 77 19 76 74 56 45 44 70 58 14 70 86 19 81 42 72 52 16 32 51 96 49 92 60 5 11 61 12 78 2 60 42 
70
97
63 54 60 89 38 38 80 96 100 49 58 37 26 67 53 7 18 11 88 79 47 73 22 6 16 45 56 41 70 76 54 33 56 41 72 28 60 29 76 99 26 58 8 80 68 23 54 7 4 6 58 85 32 67 43 88 94 95 66 65 75 32 75 74 25 44 24 78 82 45 3 67 30 46 80 1 20 61 44 87 57 31 76 84 32 58 77 88 74 89 29 97 97 30 88 87 65 
28
24
97 70 73 74 45 33 93 47 98 13 80 42 95 60 58 59 22 96 12 73 100 92 77 90 
15
41
89 21 90 32 60 49 68 93 25 88 16 83 83 16 68 15 12 88 6 55 85 95 69 72 7 72 33 35 93 90 80 61 92 3 5 97 66 8 1 59 11 
40
56
68 71 13 19 30 90 59 81 10 20 87 33 44 8 81 75 75 39 69 3 85 77 95 31 26 34 72 67 73 33 87 14 52 83 99 3 7 57 11 58 18 81 23 12 8 82 69 96 11 95 94 52 24 47 43 49 
50
23
68 52 22 2 92 35 40 38 8 80 83 86 50 70 10 26 74 51 69 23 93 65 49 
13
11
98 32 8 58 50 89 98 89 39 84 85 
3
77
62 98 14 7 50 34 20 79 100 7 11 44 63 13 46 97 98 92 7 60 86 36 23 87 23 20 21 9 65 77 56 77 90 35 14 46 45 18 22 46 58 53 51 47 3 5 27 25 100 31 49 28 85 64 19 52 55 12 7 80 53 88 68 39 72 37 50 2 64 13 58 22 100 65 31 23 51 
21
49
96 77 71 68 14 84 93 82 79 31 89 24 52 9 72 95 35 97 22 42 88 4 81 95 55 7 55 98 10 17 16 43 92 5 16 35 25 41 32 84 71 4 94 95 98 70 66 46 42 
40
94
55 6 32 21 58 41 69 92 33 13 77 75 37 76 18 36 32 64 99 63 36 53 95 69 22 61 91 58 71 100 78 8 88 64 68 44 52 78 57 88 98 23 25 54 100 63 28 49 53 52 89 27 18 48 71 45 40 91 96 87 39 100 24 75 86 10 10 74 96 65 12 95 99 61 41 61 57 17 82 37 32 80 56 38 33 82 53 54 5 96 70 60 60 84 
87
81
84 95 65 75 98 11 67 39 91 43 90 87 7 71 29 74 92 80 16 23 89 7 47 79 97 25 63 97 11 88 87 31 66 59 24 2 42 77 91 73 91 78 41 71 73 75 27 96 26 29 29 82 2 61 1 13 59 73 28 97 3 93 49 32 56 43 45 73 8 43 54 54 27 79 21 76 75 65 63 75 94 
54
12
80 27 37 84 54 47 11 79 40 66 15 99 
10
35
27 76 77 14 94 28 50 8 14 77 100 31 61 7 38 53 51 43 57 12 90 95 20 20 42 75 100 60 8 100 89 69 90 90 93 
29
39
97 67 19 68 81 6 75 88 86 98 7 30 55 71 76 65 94 93 44 83 31 93 7 2 42 36 95 98 50 44 32 40 9 1 40 39 50 79 11 
8
81
17 85 41 77 55 19 46 57 82 26 68 50 46 60 61 55 38 88 15 7 75 99 100 39 24 94 55 91 12 84 53 55 87 41 35 53 13 46 39 57 18 72 80 86 91 82 64 49 43 86 42 8 48 73 31 87 80 17 17 73 6 79 4 6 45 82 26 70 25 24 67 74 68 71 6 25 85 60 16 75 58 
22
75
40 74 69 74 92 19 50 69 28 10 45 26 36 5 18 66 8 93 64 4 21 78 99 18 97 55 42 82 12 95 13 94 98 59 19 47 83 49 66 89 67 72 42 58 54 20 41 42 20 99 23 24 5 37 57 79 9 67 94 45 81 44 2 76 70 85 87 1 40 14 7 7 32 24 15 
74
6
66 25 3 36 97 34 
5
10
72 25 73 5 21 90 88 82 71 16 
4
60
5 13 16 93 3 62 48 65 89 97 94 3 54 54 10 90 23 62 6 83 64 49 60 50 70 24 5 56 39 87 64 16 74 83 10 39 73 59 4 8 13 23 69 38 62 72 6 72 36 83 42 7 85 42 57 41 67 40 36 74 
35
19
56 16 97 16 85 87 4 83 19 21 20 88 66 45 100 60 20 9 82 
17
91
16 71 26 45 39 30 99 21 47 57 64 88 41 5 82 90 24 84 28 16 31 99 16 21 45 92 38 89 67 79 18 93 98 8 82 97 31 43 64 88 68 82 68 66 95 57 50 6 15 5 61 33 5 6 59 54 91 85 93 6 77 32 8 29 94 53 37 35 12 68 6 59 68 18 77 89 52 66 49 71 12 96 21 98 45 98 21 99 44 88 29 
88
95
75 77 49 33 72 72 12 98 97 47 84 13 36 19 36 15 48 63 8 9 77 36 13 12 91 5 39 71 30 44 21 69 26 30 20 88 8 51 13 55 16 18 4 6 69 87 74 9 1 48 1 1 38 75 80 71 43 89 89 75 46 30 89 54 85 86 12 53 73 86 92 64 5 45 27 32 7 56 99 97 2 74 78 86 42 9 42 63 58 25 82 38 85 5 20 
31
43
31 90 56 63 12 22 4 50 57 44 18 20 22 95 21 36 92 26 78 53 17 48 4 20 58 96 4 50 58 10 71 11 5 50 85 2 100 77 58 98 28 57 22 
3
65
21 67 45 28 36 53 94 97 51 7 49 78 99 72 54 30 36 98 7 99 68 46 4 90 40 51 15 36 42 43 63 32 25 54 7 98 64 19 23 16 20 25 87 96 20 25 7 14 76 6 20 89 77 45 71 45 32 11 90 45 30 60 91 70 78 
36
33
52 21 7 37 82 90 27 98 35 45 81 25 82 59 79 37 90 70 96 3 38 66 47 50 22 17 97 8 43 39 32 88 39 
29
93
1 33 23 94 8 61 38 64 67 37 44 49 76 36 27 47 44 58 29 66 7 68 97 5 3 10 39 5 61 3 58 39 2 67 9 41 56 28 88 8 94 90 13 72 53 83 70 42 46 42 89 3 24 83 21 80 6 8 92 40 20 96 100 65 32 78 76 61 80 53 79 79 56 60 99 31 66 43 35 99 63 37 23 81 15 48 81 98 88 70 38 71 23 
24
48
39 85 31 37 4 22 11 88 29 100 2 34 65 14 31 82 17 63 75 73 95 58 42 18 78 81 62 95 30 40 16 11 1 90 59 61 66 61 64 4 67 5 57 25 23 29 56 15 
5
76
92 29 26 47 70 56 71 29 46 57 25 9 4 29 99 66 78 59 16 69 5 75 61 46 33 50 38 46 13 39 57 52 50 31 67 55 32 62 69 56 72 95 20 6 58 20 68 99 38 8 40 96 35 81 63 75 2 86 37 84 26 36 92 65 2 3 92 32 4 26 47 69 92 2 59 50 
11
79
13 47 91 92 18 74 58 28 61 32 27 56 64 67 90 68 1 14 72 6 33 26 50 74 21 78 95 51 100 28 52 90 38 66 85 69 14 50 7 69 49 85 17 4 36 58 61 3 63 77 65 19 92 24 59 100 42 45 78 81 86 43 78 70 83 70 88 66 3 45 93 51 33 81 2 95 18 20 55 
56
99
72 95 46 80 24 5 22 100 55 28 14 32 94 49 29 95 4 29 98 16 31 75 89 52 43 31 38 30 13 80 34 53 50 50 45 66 28 34 72 69 14 41 84 45 75 13 63 22 53 72 4 13 47 63 55 28 68 6 36 73 96 90 99 7 8 70 85 73 64 76 98 68 74 60 5 59 100 76 66 31 67 11 26 77 21 39 7 47 72 27 60 83 76 64 37 2 38 56 25 
79
32
77 1 44 78 37 57 6 57 92 74 54 16 87 94 43 34 6 31 49 46 73 49 9 65 14 38 1 86 2 20 58 59 
21
95
92 36 27 94 2 79 86 27 55 71 38 46 35 2 61 12 64 41 1 35 16 69 11 89 67 47 57 53 31 23 30 87 85 18 97 86 68 49 91 60 24 5 66 72 48 77 95 32 53 78 72 89 13 3 42 77 71 81 2 89 62 42 44 88 43 81 68 75 65 25 17 18 94 26 36 83 36 87 15 91 90 87 8 98 8 30 89 15 22 55 62 56 55 38 88 
45
20
16 78 69 66 88 44 95 91 26 92 99 41 88 93 52 55 62 61 66 83 
5
36
95 27 8 37 49 99 98 18 10 1 18 71 47 41 24 38 1 96 65 4 76 37 47 41 11 67 50 23 33 100 48 87 65 67 43 64 
24
24
71 50 100 74 87 14 100 76 17 95 48 42 70 42 39 2 51 5 98 30 59 43 31 30 
23
49
33 6 48 91 55 74 89 71 30 57 50 32 90 11 82 7 71 33 69 66 57 13 37 97 93 5 97 89 51 1 90 73 93 23 27 95 3 43 10 74 35 5 7 75 41 11 12 54 60 
43
44
50 35 74 51 33 76 16 25 15 49 84 84 95 76 67 79 8 36 82 87 21 32 16 7 6 46 50 54 22 34 5 98 24 29 55 28 16 94 74 51 71 66 87 25 
18
35
41 80 79 53 75 64 27 1 73 40 15 6 31 12 46 24 66 87 49 91 72 100 27 63 21 34 24 80 93 76 93 29 3 4 53 
27
19
95 72 94 2 69 60 93 27 70 76 89 43 17 10 40 77 31 54 83 
3
24
11 77 6 57 68 79 4 64 84 42 22 90 38 73 62 67 28 35 44 46 70 60 51 21 
9
51
84 67 38 89 21 8 18 54 32 1 19 95 38 76 62 92 66 82 70 64 59 97 28 28 14 64 9 100 11 25 44 67 16 28 47 19 41 26 79 42 81 50 67 65 29 56 77 18 37 24 58 
21
80
10 100 74 8 59 44 98 49 60 15 63 73 5 74 12 65 47 3 55 98 63 58 55 32 29 96 8 24 7 53 38 55 63 60 42 80 2 59 81 10 84 81 91 37 99 63 29 40 27 26 61 13 58 39 38 70 78 75 29 27 6 2 80 53 69 60 54 33 47 65 54 5 43 55 85 83 77 52 99 78 
45
90
90 20 73 64 44 85 5 91 36 89 49 7 42 86 72 79 97 5 11 18 66 81 45 69 75 37 51 52 89 75 54 40 49 84 53 25 41 22 25 99 98 57 10 13 32 47 41 38 64 89 75 60 3 8 65 45 34 39 90 46 3 66 72 54 76 62 70 6 32 38 83 17 57 66 33 17 4 77 96 35 9 74 6 87 97 8 77 96 42 46 
41
11
98 94 34 95 16 61 52 63 88 26 91 
4
9
50 72 7 85 50 53 14 37 6 
2
