36
16
0000110
0001010
0010011
0111001
0011011
1000010
0011010
0000000
1100011
1101010
1001111
0111111
0110010
1101010
1110011
1000001

36
10000100001
10101000001
11011000001
00100110001
10111100010
11011110111
11101000110
00110010110
00000110011
11111100110
01011100110
11000001110
11010010010
10111000001
01110111010
10000000011
10010101110
01111100001
00110000001
11101011001
01011100110
01101010011
10101101101
01100110001
00111111000
00100011000
01110100011
10111101110
11101100111
11111100011
00011001000
01000011011
11111101010
11001111001
00000010000
10110110100

48
10011010
01111100
01001001
00111000
10111000
01010111
01111011
01110100
10110001
10010100
00100101
11100011
10111011
11010110
11010111
00011101
10010100
00110100
00001011
10000111
01110001
11000111
01100001
10110101
11100100
01100101
01111100
10111100
10000010
10110011
01111000
00110011
10011100
10000110
10101100
00000100
00011011
00000011
01110001
10110001
10000100
10000010
10000010
10110101
11010101
11010000
01000000
11101011

24
0000100
1001101
0011110
0100000
1111100
1111101
0001001
0011001
1000101
1001010
0010100
1011000
1110100
0001000
0010111
1001011
0100100
1000101
0110001
0001100
1010001
0101100
1111110
0101001

29
1010010111
0110000010
0100100010
1001001111
0010011110
1001011110
0000010011
1111010100
0001111111
1110000110
1101111100
1101101011
1100100011
0011101100
1010011110
1101100000
1001001001
0001001011
1100100111
0011100100
0110110000
0011111001
1110111001
1100100111
0000101011
1100111000
0011001011
1011100001
1110011000

21
10111110
01111001
01001100
01010111
00011010
10011110
10111101
11000100
10101110
11011001
00110111
11010100
01101011
10101010
11110101
00011011
01100110
00010000
01100010
01111000
01101010

6
10101101
01101100
00101011
11000010
01011001
11111010

13
01011011011
11011000100
11110000111
10011011111
10100000100
10110000100
10001001000
00111111101
11110001001
00001101101
01101111111
10010111110
11101110000

20
00111
00010
11000
11000
01011
10011
10001
01111
10010
01000
00111
11100
10010
00101
11111
00000
11100
00101
01111
11111

35
011101
001010
000101
111001
010110
111100
100000
110110
111110
110111
110001
101010
010110
111110
110010
001101
000011
101001
110001
011010
110111
100000
011111
011000
010111
011110
010101
101101
000000
101110
011001
001111
111110
111001
111111

7
1000010101
1000100001
0000101111
1011111100
1110000001
1110100110
1001100000

29
000101
001011
000100
010011
011101
011111
101010
011110
110111
111001
101101
110010
001010
001001
001111
100000
001010
001111
011110
001001
011001
010011
011000
101111
110111
111011
000101
101111
010110

14
010100101001
111110100101
111010010101
010101011110
101110000100
000101110111
000000110100
000100110110
101011001011
110101100111
010110110001
010000101101
101101000100
010000100111

37
1111000110
0111100101
0111011010
0101100101
1101010011
0001101011
0111011001
0010000000
0110011010
0010100010
0001011101
1011011110
0000010010
0001001101
1110001100
0010010011
0101110101
0101100010
1101100110
0011001010
0110110001
0101001000
0111011110
1111010011
1011111110
0001001101
0100100010
1110111110
1110010000
1011011001
0001111110
1000011101
1101110001
1001101010
1010010000
0101010000
1101111010

9
010111
111000
010010
010001
110111
101011
101010
100001
111101

36
000
100
011
001
011
010
110
100
010
101
101
011
101
111
111
101
100
101
111
011
010
011
101
001
110
101
010
110
100
111
111
011
110
100
100
101

10
010
011
101
010
001
010
010
001
010
110

22
11100011
01101011
01010111
11100111
10111011
01000101
10101011
01010000
00111111
01101001
11110100
01011111
00100011
10101010
00100000
11110101
10111100
10111101
11000111
11101111
01000100
00000011

31
01010000110
01000110101
10110111100
11001001111
11101010111
01001000100
01100101111
11111111010
00111101110
01001010010
11000110101
00111010001
10011100011
00111111110
11111110000
11000011000
11111100001
00001011000
01110001111
11101000010
10111110100
00111100000
10001010000
01001010100
11101011110
11111011111
00101000110
01001000101
00010000010
00101011100
00110011011

12
1001100010
0100110100
0101101011
0111100110
0101111100
1111000110
0010001001
0011101001
0000111100
1100010011
1100011011
0011100111

12
1011
0000
1110
0110
1001
1010
1101
0011
0011
0010
0000
1101

5
01010011
11101001
11001010
10011100
00111000

12
000100
101100
011110
111101
000100
010001
000101
011111
110011
110101
110110
100001

5
11110100110
00000110101
00110001101
01010111100
00101011001

13
0111010
0100011
0111010
1011101
0010000
0110101
0001110
1001010
1011100
0101010
1000110
1010110
1101111

16
101100010
101010001
001010010
000010001
100100001
111101000
100011100
100100100
100011011
110100010
110101101
100101010
010001010
010101011
100011000
010010000

14
111100
001110
100100
011110
011111
001011
001011
001011
100111
010011
010001
010000
000000
000111

8
11101
10101
10100
01110
00101
00001
11111
01110

19
000
001
010
000
101
101
000
011
100
101
101
100
001
011
011
000
000
000
101

30
1111000001
1010000101
0110000100
1011001011
0100000100
1100011101
0010011011
0101000001
1011010100
0011001011
0100000100
1001100001
1110011111
1010000110
0010111011
1110100110
1111100011
1110100101
1101101010
0010111100
1010100111
1111001100
0111111110
1111111110
0010000110
0011100011
0001100001
1110001010
1001011001
1101100100

41
00011010100
00101011010
11101101111
01101011010
11010000000
11000111110
10110001110
01010101111
00110100111
10100111110
11111001000
10111101101
10011100001
00110110111
00001101101
00110011000
10010011100
00101111100
00111111111
11000011111
11110101010
00010000001
01110001011
00000011011
11111000011
01000011110
01111100011
01100111010
00001100010
11111101000
11000110100
01001111000
10101101001
01010111101
10111110110
01000010110
01010001011
00011001011
10011011001
01000010110
11111110010

20
111011
101010
011100
001011
011100
101101
111110
001000
101010
001010
100101
110000
110011
010000
101011
101011
101000
010101
110010
001110

17
001010000110
001011100001
101101101100
001111011000
111000101100
110110101111
100000010011
001010010100
010011100001
110111010111
011101011000
010000110001
110010011110
101110000101
110100010101
100010010001
010011010111

30
00001101011
10111101100
01101100111
11000010100
00111111001
01010110110
00001011010
01101110000
00000001101
00000101100
11110100100
00110011001
01010111011
01011110100
00010010111
01111011010
01100001100
11001001110
11101100001
00110111011
10000000110
00101001100
01001000100
10111111100
00100000100
11101010010
00111010100
10101000000
11010100000
10101000011

11
010010110000
100101001000
011110000011
010010010101
111001110000
010111111010
100010001100
011000011001
010111010010
000000101011
100010011100

14
0110101
0011010
1001111
1000111
1110011
0100110
0001011
1011010
0111111
1101101
1110100
1111011
0100000
0001001

