99
9
10101100110
10100111111
11010000000
00110011111
00011000101
01101011010
10110101111
01111101011
01110100110

8
1101
1100
0001
1011
1111
1010
1010
0000

7
00100001110
10001000001
10101100000
01100110001
11110101011
00101111000
00111000010

9
101
100
001
011
101
111
000
010
111

6
110
000
100
100
101
001

5
1100111
1010010
1110010
1010110
1101101

6
00100100100
01001010101
10111100100
10001111001
00011011110
00110100110

10
01000101
10110101
11110001
00000101
00000110
00101010
00111001
11111001
10000100
01111101

6
11001001010
11110010101
11001100110
01111110001
10011111011
00111111101

9
1110111
1111101
0111010
0100000
0110010
1110111
1101111
0110011
0011101

6
01011011
11100001
00001011
00101001
11101110
00111101

8
0100110000
1010111000
1010111111
1100011110
0000110011
1100101101
1000001000
1000001100

7
00000100110
00010000000
00100110100
00110100001
00100000011
11000000010
10000010001

9
00011101
10100000
11000000
00101010
11111111
11011111
10001000
11011110
00011111

5
001101
010010
111000
101111
110001

8
01010001
00111001
10010100
00111000
00010001
01011111
01001111
10001011

8
100
111
010
111
010
111
111
110

9
101110010111
101001111111
011000110101
000000100000
010100101101
010011000111
101100000101
000100011001
010110110001

9
00011
01100
00000
10110
01110
10000
01101
11110
10101

5
000
010
100
000
000

6
1101
0111
0011
0001
1100
0001

8
0010111111
0000101111
1000101011
0001010010
0001000000
0011101111
0010001111
1001110011

6
1000000101
1010100011
1100001110
1001100011
0000010011
1011000111

5
010101010101
011011010000
011101011010
110011011000
010110000110

8
100100
010101
110001
110001
100010
101111
001101
010011

9
01100001011
00000010000
11010101100
10111100101
11001101010
00101100101
01000010111
00101001001
01001010011

9
0111001
0010110
0100110
1111011
0100011
1010001
1101000
0110000
1001000

10
101011010
100110100
011011000
110001111
010100011
011110111
000111001
010011111
100001110
001101001

10
101111000
011110001
100001010
110001000
110001000
111101011
001000100
001010110
000100010
100111011

8
111
011
001
001
100
111
011
111

8
1011
0011
0111
1011
0000
0110
0011
0011

8
100
000
100
011
110
000
111
010

9
11010111
00010011
11001100
01000110
11110011
01000011
11000110
01100001
01101010

7
01111
01000
10010
11010
01010
10101
01000

5
10011
10101
01110
10010
11110

7
10111000
11100010
10101101
01101100
00001011
00011101
11000011

5
0110
0100
0110
1100
0111

8
0110100001
0011010000
1100000000
1010001001
0010100001
0010000111
1110101101
1110111011

7
01010
11100
10101
00011
10100
01100
00111

7
1101101
1001101
1011101
0001101
1010000
1110101
0110000

9
011110110100
110000101010
110111011111
101100011011
100000000110
111100110110
110111000101
101100101111
100111001111

9
0111
1110
1100
1110
1010
0001
0001
0101
1100

9
10111
01011
01000
10011
00100
11010
00111
10011
01101

5
001100110
010010011
110010100
111000010
111000111

5
101110100000
110001001001
101010000000
001000111011
011100101010

7
0010
0011
0001
1111
1110
0111
0110

7
0010100
1100111
0111101
1111010
1011001
0001111
1011011

9
0001101
0010101
1010011
1010001
0101110
0001000
1111111
0011100
0110001

5
01010100011
10000010100
00100001110
00110110100
10010001010

8
010100101010
010010111001
001011001011
000011101010
000000010110
001011011010
101000010101
100110000111

7
0101001001
0010100001
0100010000
0110111111
0110110111
0100111100
0010010011

7
101
010
101
110
010
111
010

9
0101
0111
1001
0010
0000
0010
0101
0110
0111

10
0011001
0010001
1101001
1100111
0010101
0111011
1001000
0001001
0000111
0100001

8
1110111
1101000
0111001
0100111
1100100
1001011
1101111
0101011

8
11111000
01110110
10011110
00000001
01101101
00111010
10111011
01111101

10
010001
000010
001010
110000
100001
000101
100001
000101
101100
101100

7
110
100
001
111
110
000
010

9
0100000011
1111100001
0000001100
1010000000
0100010111
0101000101
1110101110
0111101100
1001001011

9
00111011001
00110011111
01101011111
10111111110
11011001101
11111000011
00001010101
00101010111
01110100101

6
000001
101110
101110
010111
110111
101101

5
0110001
1110101
0000000
0001011
0100010

8
011110010
101000100
111011110
001010011
001000011
100111000
110111100
100110011

5
1110001
1110011
0111101
1111100
1010101

10
011
110
111
010
001
001
110
010
011
110

5
110111101
001011011
100001111
001110100
110000000

9
100
001
101
111
111
101
110
010
110

10
111110010101
111011010110
100101100111
101111101011
110000000110
001111001000
100111110110
100010100110
100111011110
011010101010

6
10001101011
00001001010
00111001010
11000001001
10011100001
10000111011

7
0000100
0110111
0001011
0110000
0100011
0000001
1001111

5
01110110
00010101
11001011
11010110
01111100

7
101110
110000
101001
011100
000101
000101
001001

10
111110011
101001010
011101000
000010010
110110000
001100101
000101010
101110101
010111100
100010111

6
011111100101
001100110100
011110110000
010010101100
101010001110
100100010010

10
01000101
01010101
01010010
10111000
10100000
10111111
11110011
00110110
11101101
10011001

7
1011001
1010011
0000100
0001101
0000011
1001000
1101001

8
101
111
100
110
000
111
110
001

9
0001000
1110110
0110010
1111100
1011111
1001010
0011000
0000111
0010010

10
1011101101
0010000010
1001000100
1011110000
0101011000
0011111001
0010100000
1010010011
1011100010
1010010001

7
010
001
000
111
011
101
111

6
10011
10010
01100
10010
00000
11100

7
1001100011
0101010000
1010001011
1000001011
0011110011
1001000010
1110001110

10
00001
00000
11010
01000
00000
10000
01000
10010
01011
11101

5
111101001100
001110100000
010011100010
101000110110
000110011001

8
001011
111111
111001
100110
101001
111000
111111
100001

10
101101111
001101111
001100010
001110011
111001101
101000111
010100110
110011110
011111011
011001001

10
011
000
010
111
100
111
001
000
101
010

5
101111100101
010111010010
111000101010
101111001110
111100100011

8
010
100
101
000
111
100
000
110

10
100001100
100010100
110011110
101111100
010100101
001000010
010101010
100100001
000001001
101001110

8
1111100
0000001
1110000
1110101
0010010
1100010
0010001
0011101

8
10110110010
10100100101
01101101111
11011010001
11101001000
00010011000
10100101010
01001011011

7
00010
00110
11000
11100
10101
10010
01000

5
11011
10001
01011
00101
01110

9
0111010000
1110011110
0110000110
1001100001
1111100010
1101011010
1100111000
1101001011
1011001000

8
011
111
110
011
001
011
011
010

10
101111100
001001000
011101100
011100011
100001000
000000111
011101101
010000010
111111111
110101001

6
101100010
100100001
110111001
100110110
110110010
001010001

8
01110000
00101110
00011000
10110111
00001100
01010010
00111101
10101011

