82
7
6 6 66 82 72 32 48 
43
7 36 85 27 12 50 33 78 8 8 59 11 39 87 22 94 74 55 44 56 1 44 78 97 85 66 22 34 96 87 80 39 70 10 52 79 62 71 54 11 34 25 4 
32
12 61 80 41 73 55 62 69 37 25 70 74 72 64 6 18 69 50 36 97 21 71 6 1 69 34 96 60 88 64 84 96 
86
31 97 86 57 3 40 29 85 57 41 72 90 21 41 74 68 99 45 40 98 62 11 87 15 59 81 76 9 49 88 55 16 51 62 66 80 40 17 65 100 17 79 27 93 28 9 11 44 26 11 82 23 96 85 100 42 99 46 30 66 32 75 13 64 40 96 12 81 55 45 47 31 82 100 79 72 13 77 46 84 85 32 92 9 71 23 
70
25 36 69 39 81 65 5 86 65 28 89 32 11 15 28 93 100 44 88 9 91 29 41 64 96 56 55 90 8 16 57 5 59 3 35 17 76 100 5 80 28 38 65 9 86 27 94 99 7 42 70 4 45 62 4 14 22 31 52 58 68 57 31 55 82 33 9 42 40 20 
51
88 63 91 67 37 61 13 79 97 62 20 4 35 44 74 66 18 77 38 17 88 29 16 5 61 15 30 51 59 30 80 72 20 28 28 74 72 38 22 51 43 38 14 6 77 22 60 54 12 7 73 
99
48 34 25 88 66 31 63 41 3 92 90 5 56 3 69 39 16 88 57 47 20 58 59 89 38 70 41 67 10 76 73 44 71 72 73 87 25 49 94 42 48 1 8 32 17 93 89 49 15 8 34 40 70 90 28 35 25 96 75 48 94 83 3 79 78 42 72 90 60 49 18 79 80 41 74 79 71 47 21 18 97 95 60 33 57 89 84 88 26 5 91 81 26 91 70 6 13 40 54 
69
23 20 41 48 92 94 52 21 62 11 86 96 18 51 45 71 47 43 73 78 23 13 57 17 90 97 70 34 18 79 87 1 93 23 74 45 15 67 7 21 54 1 42 10 51 7 29 86 14 60 27 59 31 76 64 20 53 12 47 25 20 25 21 41 99 88 54 26 59 
34
9 87 15 2 68 28 82 81 37 66 78 71 100 84 51 53 39 39 58 76 88 74 50 64 56 81 63 30 93 90 93 1 54 58 
17
93 62 46 47 50 67 37 56 61 31 98 66 85 85 7 34 95 
38
5 85 90 35 64 73 91 51 82 38 24 16 16 51 98 73 100 83 55 89 92 52 22 24 55 43 8 41 63 37 1 33 3 15 23 65 13 74 
15
30 29 94 7 20 19 6 55 53 8 7 28 79 21 60 
43
59 68 76 84 69 98 16 43 84 59 39 45 57 81 92 22 96 94 87 57 45 62 17 23 33 31 23 44 79 86 100 95 27 75 43 60 71 34 99 92 50 49 75 
71
100 35 78 58 30 63 43 57 49 64 83 99 30 60 53 100 73 8 72 90 89 32 93 54 20 13 10 84 60 35 7 28 50 55 81 8 95 46 87 61 14 76 86 71 73 33 87 16 94 84 44 14 62 37 57 59 30 27 6 79 55 89 55 84 54 66 38 79 36 13 67 
15
28 15 47 93 56 71 67 63 61 31 56 16 25 72 86 
83
38 63 41 48 53 48 59 79 88 92 100 90 3 50 100 93 81 29 4 81 18 41 91 14 27 49 54 14 56 73 7 99 17 73 58 86 39 83 5 89 30 32 74 89 92 43 47 96 92 78 7 42 44 47 41 23 68 15 50 23 92 25 15 41 18 78 99 47 80 5 62 21 53 70 94 97 26 80 13 17 57 46 50 
21
94 41 39 30 82 99 100 12 12 82 81 1 28 85 50 6 68 92 50 26 42 
98
19 78 43 90 69 79 25 76 24 65 58 61 29 81 29 4 17 86 47 9 88 68 59 37 96 48 84 36 35 39 40 72 48 28 24 95 100 78 1 31 88 50 31 96 76 88 78 35 2 90 14 55 91 86 61 87 22 78 91 19 43 41 18 93 72 96 39 94 80 52 65 77 74 74 20 74 3 3 96 88 1 37 77 48 8 39 61 94 16 58 44 18 4 54 63 8 39 28 
19
70 69 81 28 96 14 26 68 75 39 20 50 69 88 68 29 9 23 57 
24
46 16 69 38 26 18 53 4 40 53 29 40 23 40 6 4 19 92 51 11 70 3 4 40 
36
76 33 4 3 31 51 31 8 70 99 70 7 50 7 53 44 90 66 78 26 21 73 11 89 19 55 53 84 9 44 54 54 44 90 11 7 
92
74 19 94 27 50 29 68 43 40 70 83 50 76 20 5 74 8 95 42 33 26 74 83 93 26 53 10 3 43 89 2 18 99 88 68 49 83 13 64 66 29 64 34 22 16 54 51 94 14 83 21 32 84 51 89 70 42 71 9 69 93 1 95 89 35 79 61 54 73 70 21 75 12 8 16 81 28 64 50 28 86 53 11 19 57 19 20 13 12 53 20 80 
24
33 64 85 53 61 24 76 98 64 85 9 30 79 45 8 31 51 37 27 62 40 97 81 75 
44
50 57 39 7 48 25 91 35 24 46 52 40 99 57 51 63 6 9 92 37 11 38 45 79 84 19 97 56 51 94 4 22 97 31 87 87 23 100 85 80 27 61 36 98 
19
59 77 59 27 55 65 7 86 27 24 48 2 6 49 46 41 43 84 26 
44
9 80 99 12 94 53 44 79 77 29 57 15 7 34 5 22 38 91 8 46 48 36 91 76 89 13 54 69 80 13 34 59 96 35 32 68 96 98 22 83 37 5 64 97 
50
82 82 37 48 23 90 34 14 45 97 21 18 56 35 26 96 39 27 89 26 10 15 91 28 78 57 10 39 44 7 94 42 91 91 72 98 93 6 32 20 37 53 64 61 97 67 84 25 90 79 
19
96 81 99 22 3 41 2 95 23 24 48 68 81 82 67 80 57 98 5 
68
17 59 24 52 6 95 14 1 73 18 96 91 18 49 62 57 6 76 6 57 81 21 91 32 19 84 20 92 26 22 52 42 3 88 44 84 86 79 90 59 62 80 60 64 3 63 39 92 4 96 17 37 96 48 64 1 43 26 2 68 26 70 69 87 48 25 38 66 
25
86 66 21 16 28 13 51 61 74 84 88 81 43 27 79 99 12 37 60 63 47 96 75 14 33 
11
40 36 11 73 98 3 38 94 22 57 44 
61
19 34 13 43 61 89 20 20 13 58 98 55 68 20 30 32 87 30 82 38 51 36 72 27 75 79 34 55 72 31 81 91 2 48 93 67 100 39 44 64 84 89 76 3 75 29 67 31 7 58 79 76 10 100 88 85 24 87 75 34 99 
65
41 46 40 98 36 43 10 3 28 21 90 88 38 95 72 44 45 63 25 26 20 15 100 80 82 65 58 2 8 25 2 34 75 80 38 45 27 46 74 50 86 75 54 99 53 81 65 46 59 48 87 16 96 8 78 76 42 61 61 6 97 49 42 78 3 
76
61 52 88 23 49 2 65 97 22 93 55 93 71 56 44 63 2 9 88 50 82 4 62 17 92 88 20 8 49 13 69 66 41 39 85 100 82 20 99 29 77 84 47 99 42 76 44 88 61 55 77 5 50 95 11 22 20 70 90 62 56 91 11 93 20 57 52 13 47 7 91 90 86 62 37 97 
14
52 93 67 96 61 89 44 86 9 26 36 79 52 1 
27
65 74 63 81 8 98 45 62 17 45 15 14 70 56 100 24 64 65 30 6 47 11 55 18 31 89 29 
36
51 88 100 89 26 39 79 40 80 24 18 98 54 53 52 8 99 20 52 96 46 41 34 80 71 8 3 50 69 24 71 74 73 83 81 84 
53
100 78 98 79 19 29 21 22 66 42 38 11 43 72 67 70 96 87 80 63 38 75 55 57 48 2 5 69 18 10 40 48 62 27 52 65 72 62 19 35 46 65 36 56 83 23 21 77 94 61 77 9 68 
65
82 80 62 58 79 9 98 68 95 80 98 30 43 69 81 85 21 16 17 46 35 67 33 21 83 1 42 29 12 58 60 77 84 26 73 88 99 87 23 21 19 53 51 61 66 86 82 21 78 96 17 90 30 53 5 9 55 72 100 100 12 31 12 34 12 
93
73 88 98 32 93 21 63 26 58 10 91 89 3 59 70 23 86 29 63 21 38 76 79 34 22 86 32 37 28 73 34 19 26 76 28 39 23 24 33 41 5 54 21 66 47 74 37 11 70 12 28 16 38 82 27 97 19 83 17 33 9 93 76 33 96 79 86 24 98 35 94 92 2 62 70 83 92 82 38 1 59 4 11 98 37 22 11 6 49 88 99 91 70 
25
97 36 85 59 61 10 45 83 90 4 83 17 64 72 26 18 26 54 39 19 46 30 81 5 22 
46
31 31 5 8 85 4 76 3 11 47 4 32 29 14 99 42 38 64 70 47 98 38 63 69 80 76 2 100 36 70 92 46 86 41 6 24 48 13 36 17 97 19 26 68 81 14 
8
54 58 85 50 41 99 48 44 
25
41 78 89 66 33 12 81 57 97 30 75 78 72 98 84 16 96 82 22 98 43 52 97 23 16 
100
38 66 67 51 55 34 3 19 95 25 19 44 92 98 2 5 83 81 4 41 83 77 32 100 14 85 41 58 99 57 68 89 46 7 18 34 59 64 28 15 46 9 50 81 6 66 5 6 13 19 66 51 45 17 75 28 25 83 87 10 16 97 77 44 87 34 96 59 96 23 41 56 88 2 99 50 45 55 18 70 100 78 22 82 47 27 34 88 79 69 100 64 9 54 70 39 35 35 59 100 
21
15 40 91 98 88 94 20 60 7 24 11 98 94 73 64 79 19 77 57 16 1 
57
94 99 68 8 34 97 87 82 90 44 7 25 32 21 18 76 64 46 83 67 39 70 29 73 77 12 9 77 89 46 95 58 65 87 94 95 97 20 40 81 1 43 17 60 84 23 3 87 39 75 58 63 92 3 74 70 35 
88
22 83 54 15 41 41 32 8 11 96 53 18 31 78 44 38 32 53 100 81 41 83 99 61 49 43 1 51 73 75 5 43 19 15 9 9 27 90 56 2 59 98 60 24 23 72 1 40 50 64 63 91 53 66 28 49 60 17 76 98 73 52 44 51 50 83 89 68 100 90 55 21 98 80 6 72 68 48 72 1 45 43 91 3 57 47 95 26 
55
58 15 51 3 40 66 91 37 36 27 39 49 99 73 45 95 16 36 97 96 6 54 98 60 78 67 78 62 33 40 56 51 23 45 54 72 88 29 38 73 29 97 44 9 51 75 42 30 3 98 61 26 15 47 40 
26
89 97 74 89 37 86 49 53 88 81 30 95 31 53 90 55 19 79 82 95 71 70 33 37 13 21 
17
8 95 78 95 88 28 87 58 12 13 66 42 90 14 14 46 47 
76
60 4 37 86 57 44 60 33 58 100 60 68 12 64 85 18 52 52 3 13 50 36 32 19 87 17 91 35 23 3 35 17 37 68 7 80 33 67 75 26 99 8 40 42 80 84 79 43 34 99 98 92 38 16 68 2 11 35 87 72 11 56 1 87 25 96 94 88 71 100 38 56 10 54 25 89 
87
42 7 64 50 28 6 18 96 90 78 8 65 98 28 74 67 46 48 19 38 44 93 32 66 6 3 71 85 46 5 93 21 50 21 98 9 70 1 60 41 44 4 21 75 42 34 79 53 76 88 34 100 56 26 89 38 80 43 5 46 97 73 45 97 45 65 82 65 51 68 37 74 96 43 22 24 42 66 7 17 93 24 69 10 33 12 34 
49
98 26 55 8 56 9 47 78 91 71 7 87 69 90 77 2 49 38 74 34 56 25 72 26 11 43 10 33 24 78 15 38 90 25 80 79 55 91 33 28 9 68 73 64 5 69 96 99 81 
99
35 77 84 76 21 33 46 50 63 13 50 85 44 9 33 50 22 79 85 31 28 85 28 20 67 32 53 64 7 86 52 51 94 10 58 93 97 60 84 10 48 18 41 82 21 3 78 6 56 87 95 34 19 58 64 91 68 27 76 58 56 34 39 98 30 29 52 32 32 12 73 34 12 98 13 87 76 30 93 73 62 15 18 83 60 56 24 35 78 63 86 54 76 98 94 23 1 56 21 
35
58 12 35 70 74 78 52 88 41 4 37 14 27 100 24 51 97 33 34 4 76 32 53 85 73 71 32 4 53 50 64 33 47 65 13 
38
94 76 44 74 47 14 57 8 66 26 87 35 17 65 91 93 99 35 36 58 32 63 38 58 55 33 12 29 76 41 28 67 60 38 8 89 42 19 
13
6 69 72 95 15 33 46 42 98 43 30 35 24 
53
9 100 16 63 58 36 35 13 91 80 94 11 6 75 11 37 64 5 13 78 83 68 43 76 18 89 8 97 16 80 63 97 98 73 11 5 85 93 90 36 84 53 42 75 6 73 54 78 21 85 97 84 63 
14
51 28 15 14 15 97 26 31 6 91 31 57 2 90 
95
81 76 69 64 65 56 39 65 50 100 38 62 17 20 50 2 87 83 71 39 34 56 5 63 11 74 16 98 15 18 47 20 31 68 47 40 28 54 41 49 21 51 41 48 13 93 60 15 23 62 65 61 78 74 11 50 64 45 48 86 98 24 84 4 16 6 3 100 40 1 83 31 28 8 6 49 81 62 93 21 25 70 47 42 94 8 70 5 35 46 16 8 13 22 75 
88
92 92 86 44 3 12 82 76 45 77 17 86 95 12 20 32 38 61 61 87 71 3 48 46 75 67 82 60 1 65 71 11 61 16 100 46 60 76 29 60 86 95 19 100 92 2 30 79 16 94 10 13 99 52 9 17 77 6 54 2 51 4 34 56 53 97 63 44 63 5 85 9 57 87 36 46 96 18 76 55 23 96 27 55 42 61 17 40 
28
35 12 60 30 59 3 98 45 63 1 49 66 16 97 63 21 44 23 7 60 60 52 90 56 45 84 86 42 
32
64 97 84 88 74 64 49 10 73 93 97 47 61 83 34 25 42 68 92 24 28 42 44 44 85 44 1 79 14 66 51 72 
31
25 99 82 70 92 39 20 14 85 11 4 50 40 90 78 94 86 55 86 93 50 8 41 68 28 1 38 64 20 80 54 
53
50 30 55 58 64 69 78 99 39 23 67 100 74 79 99 14 42 10 40 73 67 34 26 98 53 61 14 70 34 78 52 42 34 8 36 51 36 75 68 72 5 14 15 54 11 57 66 70 85 39 30 82 81 
78
67 59 99 73 47 63 81 39 47 13 60 16 32 80 37 19 66 29 92 45 72 85 82 8 14 77 76 2 33 59 76 31 26 14 11 61 26 91 69 23 33 27 23 94 49 71 24 78 58 32 85 26 28 30 90 86 60 67 8 54 92 71 100 30 98 33 21 64 31 73 17 17 61 80 71 73 30 58 
61
50 83 43 77 97 91 58 95 79 51 77 40 90 69 29 59 71 62 36 95 27 88 76 52 8 96 7 46 30 24 14 22 90 7 89 25 43 55 59 24 98 44 73 70 13 22 31 34 56 67 74 4 35 59 15 37 88 12 12 67 69 
78
8 31 68 14 41 35 34 100 56 10 98 5 84 14 30 11 38 23 68 36 22 16 57 50 80 16 82 97 20 32 28 46 91 6 54 25 32 71 83 15 45 53 15 34 78 33 67 29 66 12 69 3 1 25 24 43 90 90 2 2 61 45 8 44 99 47 29 48 89 90 37 45 59 7 29 19 46 62 
21
51 6 66 17 64 35 90 28 64 66 18 24 95 70 68 36 6 90 39 17 42 
97
97 90 64 59 92 63 8 25 84 8 16 73 48 16 64 16 10 46 62 35 41 92 54 19 98 37 77 1 82 46 11 79 34 17 75 45 28 90 12 38 13 92 33 71 61 91 1 5 19 94 20 57 27 46 80 75 72 47 32 30 50 34 31 17 84 41 26 100 2 79 30 62 12 70 4 93 16 78 61 58 7 97 93 75 51 75 34 73 90 43 18 43 66 94 88 78 6 
19
66 46 53 60 2 20 35 34 84 40 27 52 71 71 69 94 65 92 91 
95
2 27 74 98 18 12 13 74 47 82 94 44 14 43 80 11 83 98 87 34 57 65 28 71 86 58 71 58 37 76 55 54 82 57 37 63 43 65 61 9 52 83 63 10 54 96 82 80 42 88 18 73 42 45 14 49 94 44 49 51 36 80 25 58 99 43 93 75 49 77 23 16 43 84 54 45 63 97 23 21 92 54 38 28 18 76 13 53 46 92 34 95 49 99 39 
28
41 7 80 84 79 70 40 94 98 72 67 14 57 88 12 60 39 26 51 91 83 93 76 24 16 52 89 77 
87
46 82 64 24 15 16 15 30 53 78 62 7 76 26 28 60 52 19 89 58 15 30 36 30 17 96 24 82 32 89 68 65 52 18 76 82 11 71 46 42 76 68 19 64 60 56 84 7 25 11 78 92 60 97 21 51 23 52 12 35 100 14 77 17 94 35 86 76 68 75 12 17 14 53 29 87 24 95 22 65 37 16 17 81 88 44 96 
69
38 75 33 6 2 68 26 30 45 18 92 36 67 43 44 60 73 75 29 62 50 26 20 79 74 3 83 10 12 72 56 84 57 43 48 30 18 28 49 1 52 53 47 24 8 27 16 42 28 78 62 17 57 38 100 47 71 4 29 90 48 55 4 65 94 98 75 23 28 
19
18 27 39 48 59 19 31 94 34 100 73 39 42 8 88 8 70 16 20 
44
2 50 54 29 49 42 51 90 66 91 17 91 92 13 30 82 21 37 79 29 38 42 14 22 31 49 24 9 84 7 17 94 80 72 99 9 19 42 8 44 100 61 93 73 
93
5 4 82 64 62 72 62 35 100 65 60 56 47 14 46 32 60 18 86 41 36 57 27 14 39 52 53 7 42 41 91 4 57 70 19 36 14 16 20 54 87 92 63 36 79 44 12 50 8 34 94 53 99 22 100 65 36 15 98 14 1 91 51 100 6 70 36 3 37 28 4 30 95 65 42 50 82 16 75 59 77 44 88 87 94 49 15 34 66 49 89 18 76 
24
32 89 94 2 94 79 9 96 95 7 8 41 72 12 75 63 84 27 3 32 88 63 57 26 
53
32 25 20 33 81 2 78 10 96 94 79 48 79 87 54 75 73 45 74 68 88 3 84 1 58 88 54 58 12 77 64 10 62 22 28 28 55 76 27 3 57 74 96 45 96 62 91 86 11 26 45 91 27 
10
4 66 3 63 24 13 66 73 10 90 
