18
10
010110010
010011001
011101001
011010101
100000100
110111110
010010110
111000010
110111001
110111000
6
10011001
10110111
10000101
00111000
10101001
10111111
6
101010
000111
001110
000000
001100
011011
8
00010100
00110000
00101001
00001110
11000010
01000010
01000001
10111101
8
011111110010
101011010010
010011101100
111110010101
111110001001
000000000001
101100010001
001011100010
9
010101111
111101011
100110000
100111010
000111100
000011011
111100011
100000111
010001111
8
11010
00000
00001
01101
11001
01001
01011
00101
7
110100101
110001101
000101011
001001010
000100011
001011000
111011100
10
000001100
010010000
000101010
110110010
001001110
101000010
000101001
101101111
000100010
100100101
9
1010011010
1100011110
0010101110
1101101010
0000101001
1110001010
1010010000
0000111110
1001101000
6
0100001
1000111
0100101
0111001
1011100
1001110
10
101110101
110111001
101011001
111101100
101000111
101110010
100100010
010011001
110111100
101010110
10
11111
00000
10100
01000
11000
01100
11001
01001
00000
01100
10
010
000
010
010
000
111
110
011
100
111
10
00011
11110
10110
10110
00111
01111
10010
10110
10001
00101
7
01011
00010
00011
10001
01100
00100
11100
7
00001110
10111010
00100000
00100111
10111110
00101100
00010111
5
1000
0101
0100
0100
0100
