186
42
100101
010111
010101
011010
000111
000111
111110
111010
001010
111111
011010
101011
111110
010101
111011
101010
101111
100101
000011
100001
001110
000010
101101
001010
011001
010110
100110
101100
111110
101101
100110
000001
111000
101010
011011
010101
001100
011010
011100
011111
010000
111100
16
101111101
110110011
001100000
100110111
100001001
001000111
101000010
011010001
110110110
011000100
100101101
011100001
111100101
010001100
001110011
110110100
30
1111011001
0100101000
0010011001
1101011110
1100000011
1000001100
1101011110
1011011100
0000010001
1011111110
0011000011
1101111000
1110000011
0110111101
0111100101
1111000011
0010111010
0110010001
1110111011
1110101110
1011100010
1100011100
0000001110
0000010100
0101110001
1010000000
1011000111
0110011001
0100110111
1001100111
25
011010110101
011001010011
110111000101
101100101010
010110000100
001110111010
000000111010
010010010000
000010001100
000000111011
111101011110
010100110100
011011101101
000011011100
001000001011
110011111110
110101001110
000001011000
001100001111
001101111100
101111101101
100100101000
100110110010
100000111011
110011001111
44
11011100010
10010011001
10000011111
10110000010
11100111100
00100100000
11111001010
11111011011
00110010001
01000111110
10001000011
01011100001
00010011111
11000110000
01110000110
00001110100
01110110110
00101101110
00111101111
01100111001
01001001010
11101100010
00011100000
00110101011
01001110001
11001011101
00001001110
10100111111
11010100011
11011110111
00100011000
11010010110
01010111111
01111000111
10001100001
11101110100
11000111010
01110011111
00100011011
00001100000
10110011011
10010011101
11001101101
01110101101
47
0111010
1001010
0110001
1010101
0101000
1001001
0110101
0000000
1111000
1100010
1110001
1001010
0000010
0111100
1111101
1011111
1000111
1101111
1100000
1101011
0110000
0000111
0111110
0011110
1010100
0000110
0101010
1110010
0110000
1110101
1011100
1100101
1101101
1100001
0110100
0110110
0001100
0111101
1111001
0111110
0110101
1101101
0111100
1100000
1001010
1000110
1010100
5
011
110
111
111
000
16
001100
011010
000001
001010
001001
110001
100011
100111
100100
100100
100111
011111
110110
000001
011110
101001
18
110100101100
001110100111
001101101100
011010010011
100010100011
001000100110
100001010011
111111000101
001010100101
111101000011
101011010010
110000010011
010010100010
011101111011
000000101101
111001111110
010111111100
101010101101
30
01100001
00110111
00000000
10011110
10101010
00110100
11010101
01101010
00101001
11100011
10011100
11010000
11001011
01010100
10000110
11111101
10001110
11010110
01100010
00001111
01000011
11100110
00001101
10101001
01100001
01110100
01111110
10111001
10010101
11110111
33
001110
001001
100111
000100
010100
101111
110100
000011
101001
101011
111110
010001
011111
100010
111111
110001
111100
000011
000010
010101
001000
011000
100001
100010
111101
111001
010010
010011
110110
001100
001100
001010
110100
38
11110110
11011100
11010110
00000110
01000001
01111111
10100111
11100110
01010000
11101100
01100101
01110001
00001001
00101001
00100101
10101000
00101111
01100000
11101111
11111001
10110110
00101111
11111101
01011010
10010100
10101111
10011011
10011000
11001011
10011000
00011000
00100111
00000110
01101100
00000000
00100000
11010100
11011100
6
01000101001
11000101010
00101010111
10100101011
11111010000
11111111010
6
001100110
010011000
011100011
011000000
101111110
111100101
39
1010001110
0000100110
0111001010
0011001100
0011111101
1011100111
1101011111
0010101101
1111111000
1101000011
0010001011
1100101010
0000110011
0110001110
1000111110
0000011010
0000100101
0010010011
1000000101
1000110001
0101001011
1010001000
0100110000
1000000001
1010011111
1111001010
0001100111
1011100010
1011111011
1111010101
0111110000
1010001100
0110100011
1101100011
0010111010
0100011111
0011101100
1111010001
0100100111
33
1110010101
1111000001
0101111010
0000111001
0010111010
1001101001
0010101000
1000010101
1110001101
0000001100
0001110101
0010011100
0110110000
0101100101
0111000100
1110100101
0100011101
1100011101
0000110010
0001100000
0101000000
0010001000
0000111111
0101010010
1001100110
0000110111
1101111001
0011110011
1000010001
0001011011
0101001010
0000001100
0011111010
32
10010
10100
01111
01000
10010
00111
00110
00110
11010
10011
00111
10011
00110
00001
01011
10000
10100
00110
10110
01100
01010
00000
00110
11011
11000
00111
10000
00001
11001
11001
11001
11000
39
11010010111
00100111001
11011110000
11010101011
00011111001
10001111100
10001000001
11001011010
10101000111
10100100111
10111011111
10010110000
11010111100
01101000110
01100010110
10010011101
11010101000
00111111011
01111011001
11010110010
11101110100
00000000001
01100001111
01000110110
10111001000
11110101110
00110011010
10101010111
11100110101
01111100010
10000110001
01011010100
01101000110
11000011001
01110101010
01010110011
10001101001
10000010111
11000110111
43
0101010111
1011011101
1100011010
0111100100
1111001100
0011110110
1000101111
0100111011
0000000001
1010110001
0000001010
1001101011
1100011110
1100000010
1101101111
1100011101
1100010111
0100010000
1101001000
0101011111
0000000101
1010100011
1010101000
1001000101
0010101111
1001000000
0011101000
1100101111
0001101011
1010100000
0010001001
1001101111
1000010011
0111001011
1111111110
1001100010
0010001101
0001111001
0111010010
0001101011
1110111100
1000111011
1101011110
48
100111
001110
001111
010111
111100
000110
001110
001100
001101
111100
100001
100000
101011
011101
011010
101110
111000
111110
010100
100111
101101
100111
000101
010111
000111
001011
101111
100111
111101
000111
001111
101011
101010
000001
110011
011100
000011
100100
001000
101001
111001
110111
010011
111100
000001
001001
001000
101100
14
101110
110000
100010
001111
000101
110110
111110
001111
010011
011111
100011
011110
010100
110101
45
111110101
101000111
111001001
010010001
010111011
000111010
000010011
000111110
110011101
101101110
111101101
101100001
010011000
001101110
000110000
100010001
000111010
111110101
011100101
100011101
010011111
010000001
100101111
100111011
001000001
011001010
111000111
000011111
100111000
111011101
110101000
001110011
000110110
010011001
111011111
100010111
011011101
111001100
101001011
111110000
111011101
110100000
010101110
111111100
110001100
10
10011010
01000010
10001010
00111100
00110000
10101100
01101000
10110100
10000100
11110011
7
1111011100
1010111010
1001010011
1011111011
1000001101
0111001110
0010000111
12
00111000
00000000
11110001
01110011
10000010
01001110
11111010
00111001
00101110
10001000
10001111
11101110
40
1110100011
0001111001
0110001011
0000101100
0011111011
1010010010
1100101011
0100101011
1000101001
0000011101
0111110011
0001000110
1000100001
1110101101
1001010011
0000110101
0110110000
1010111100
1101110001
0101000111
0001110100
0111101100
0101110000
1001111100
0100100010
1010010111
1011010111
0111010010
0010011100
1111100001
1011000010
0001101010
0100101101
0111100000
0111001111
0011110011
1000111010
0010101010
0000100010
0000000011
7
10111001
10011010
00010100
10000010
11101101
10001111
10110001
44
1001
0111
0011
0111
0001
1100
0000
0010
0111
0111
1010
1001
1110
0101
0000
0011
1010
1101
0001
0101
1100
1011
1100
0110
1000
1110
1101
1011
1011
1101
1010
0100
1001
0101
0110
0111
0101
0010
1011
1000
1110
1111
1010
1011
18
100
100
100
010
011
111
100
000
011
110
011
110
000
001
110
011
011
001
29
01100110
11111110
11101100
00011001
11101110
00000100
00001010
00100011
01011011
11001011
00001111
10111100
00110100
10000011
00011000
11111100
11101010
00011001
00100010
11100101
01010111
01111111
01111000
00010000
11000000
10111101
01001010
01100110
10101101
17
0010011111
1111110110
0010110000
0100001000
0011100101
0100111100
1011001100
1110001010
0100100111
1011010100
1110011110
1000001111
1101100000
1010001101
0001001000
1101100000
1000101010
40
000
111
010
110
001
000
101
110
000
110
110
100
010
001
101
101
000
100
000
010
010
001
101
010
010
101
110
111
110
000
111
000
100
111
100
101
101
011
000
010
28
11101
10110
11001
10010
01000
10101
11010
00100
11011
00100
00001
11000
11001
00011
10001
00000
11100
01001
01110
00101
00001
10010
11010
11001
10101
00000
11000
10111
15
0110010011
0000011010
0100001001
1000101011
0011100100
0000110100
1111001100
1010101101
1010100000
1110000101
1111111011
0001111100
1001010011
0110010100
1100100000
42
10011001100
00001101110
11011001111
10001001001
10110010110
01011001010
01000100101
01010000001
10111110001
10100100000
00101010111
10001101100
00001101110
01110011010
00101001101
11010010100
11011100001
10101000101
01111001111
10110001110
00100011110
11011000100
10011100110
01110100000
01101100111
11011110000
10010010000
00111001110
10100000101
10111100110
11001011001
11111110110
11111101011
11111100000
11011001011
10101111011
01010111110
00100110010
00101011110
11000101001
11100110001
10011010011
49
000100010110
001111100110
011110111010
111011101101
001110110100
110101011011
001000000001
110010111100
100001010011
010001000100
001100001001
010110111100
100110111100
110100000111
101100010011
000111000110
101011110110
011001111100
001011110111
100010000110
101011010011
011110000111
001100110100
100001010010
000101000101
000010110001
110000011001
011101011100
011110010011
000011001010
101111011001
110111000110
011010001010
100101010100
011011110111
000110011110
101101111101
100100011011
100011101011
101111000010
100011010110
001111111100
101001001111
000010010111
111011101110
101101100100
111011001000
101110111101
011110111000
14
110
010
110
001
001
000
000
000
111
000
011
100
101
100
26
1110111
0011010
0011101
0010110
1101100
0001000
0001001
0011101
1011001
1100101
1000110
1111110
1110010
0110110
1011000
0000111
0101110
1100010
0100001
1000110
0010010
1110001
1101110
1100011
0101101
0101000
34
11011
00011
10110
10111
10101
11111
11001
11101
00001
10111
00100
11010
11111
00011
00010
01010
00001
00111
01110
00101
00001
10001
01000
10001
01101
10100
01100
11011
01000
11010
11100
11001
10111
00100
33
010001
100000
101110
100010
010001
100111
110010
111000
111010
110100
100000
001011
101101
100101
110011
010000
100000
101010
100001
000001
001110
011111
010110
000010
000100
011100
101111
011001
100111
010001
111100
110101
011110
39
0010100
0100101
1011001
0100110
0110110
1110100
1101110
1100011
1101001
1010111
1011001
1000011
1110001
1010010
0001001
1111110
0111010
0100101
0000001
0010011
0011111
1001001
0010000
1111101
0101001
0010110
1110001
0110100
0010001
1111000
0010001
0010110
0110010
1110110
0011000
1100011
0001011
0111000
0011000
34
10010010010
01111110011
01011010010
01000100001
10110100010
11000010100
10100100001
10100001101
11011101000
10011011011
10010111111
01001010010
00100100010
00111111101
01001111101
11100000110
10011000100
10001111000
10000010010
10110101010
11000000010
00111111001
01101100001
01100110011
01001011010
10001000101
11000110101
11101011001
10110110100
00000001110
10011111000
01011011000
01010010001
01011110011
10
001110000001
101010011101
001001010101
010101110110
010001100001
100100100000
110111100111
011011011100
001010110100
001101001101
39
010101011
110111001
101011101
000001001
100100001
111001001
100100001
110111111
011111001
101111100
001010001
101010101
001110101
000100101
000110100
110000100
100010000
101011001
001000001
101111010
111011111
110001100
100111011
111100101
010010001
100011000
110000111
001101111
100000100
010111101
011001101
111001111
110101101
100010000
110010111
100110111
000111011
111000110
111101111
35
0110111010
0111001001
1101011110
1000110011
1111011011
1001110101
0110010011
1010100100
1010111011
1110000010
1001100000
1000111000
1001101010
1100011101
1101011111
0001111000
1110000011
1010101110
0100101010
1101100010
1110000110
0110101010
1001010000
0100111111
1010010100
1111111001
1010011010
1100111010
0111111100
0000011101
1111111111
1100000101
0100010000
0011010001
0011100101
37
001111000110
000110000000
111011010110
110001100101
111110111001
101011011110
010010001100
000101001001
001001110001
101100110110
101110001111
100110101010
000011011100
010000110001
010110010110
001010100101
110110010001
011010010000
000000110110
111110001000
010000111001
001001100001
101110010111
101001000001
100011101100
110101100010
100111011011
100100111011
110000010100
110010010110
001010110011
011010011110
001001111100
010100011000
111110001100
001110011111
111010010111
8
1010
1000
0011
1110
1011
0110
1101
1000
23
0000
1011
0111
1000
0100
0001
0110
0010
1000
1000
1101
0000
0111
0111
0100
0010
0100
1000
1111
0100
1010
1010
0001
35
000010110000
100101000001
100001001101
110010000000
100101101111
011010100000
110000110010
000111111010
011001110111
010000000101
111001110000
001010101011
010001000111
100111001101
010010111110
000111100011
000001110100
110110111101
011110110101
111000000010
001100101011
010001001010
111010100100
100111001011
100110111010
010000111110
100111011001
110111010000
100011011010
000011000001
101111010001
111011001110
000010010110
100010101010
111110001101
7
100000
110011
000111
000101
101100
111000
011000
5
1110
1101
0000
0011
1101
21
000
010
101
111
100
110
001
010
111
000
100
110
010
010
011
110
011
101
110
001
101
36
011101000100
100010100101
011010011001
111011111001
111110010011
110100011111
001000001000
010001111110
111111111100
111111000100
100010000010
000101000010
010110111111
001100100101
100011100111
101001010100
010101101001
000011001101
001101100001
001011000010
111011010111
011101010000
100000110011
011101101100
100101101010
011110011111
100001011001
010001111011
010010011111
111101111100
110010010001
001101101010
111111111100
110111010101
101101010100
100110100110
37
0100
0100
1100
1010
0011
0100
0110
0000
0000
1111
0010
0011
1011
1000
1110
1000
1000
1011
0010
1001
0111
0000
0001
0110
1101
0000
1101
0110
1111
0101
1010
0110
1001
1100
0111
0100
1010
50
0101000
1011000
1110101
0111010
0101101
0100110
1111010
1010001
1011111
1011001
1111100
1011101
1111010
0100100
1110101
0101111
1111110
1100010
1111101
0000000
1111101
0101110
1100011
1001110
1100110
0110001
1010111
0101001
0101000
1000101
0110100
1111001
0001110
1100110
1001001
1000101
1011101
0101000
1110100
1111101
1001111
1001010
1101011
0110011
0111011
1011000
0101010
0011010
0010111
1101101
45
00011
01111
11110
10111
11001
11000
10110
11110
00100
00111
00010
00101
01011
11010
01100
00011
01100
11111
01000
10111
10001
00101
01000
11111
00100
01010
01101
00001
11000
01101
00001
01011
01001
10000
11110
00101
11111
00101
10010
10010
11000
11100
00101
11000
00011
50
0010001
1000000
0101011
0101111
0110100
1011111
0111101
0101001
0000000
0001101
1011011
0010100
0100010
0110110
0100110
1110001
1100011
1111101
1001101
1111001
1100100
0100110
1111010
1111101
1001100
1101010
0001010
0000011
1010001
0001001
0110000
0101011
1010000
0100010
0010010
0100011
1001100
1011101
0110011
1100110
0000000
1011100
1011110
0111100
0110000
1010111
0010101
1001101
0000010
0001011
8
00000111
00101011
10100101
11000101
00100011
01111010
00001001
00101100
31
1101
0010
0111
1111
1011
1101
0111
0101
1111
1101
0000
0100
1001
1110
0010
0010
1011
1001
0110
1000
0100
1000
1000
0010
1010
1000
1111
1011
1011
0001
0101
47
011
010
100
110
001
001
110
000
100
001
100
100
000
100
110
100
011
010
100
000
001
110
111
101
111
101
010
010
011
010
110
001
100
010
100
011
010
100
101
111
111
000
000
000
100
010
100
39
0010000101
0001011010
0110101001
1000000100
1011111010
0100011011
0101110010
0001000101
0110101110
1101100011
0001111110
0110000101
1111000001
0001100010
0111001011
1000101000
0000011000
0001100001
1001001100
1111011000
0000001111
1111111000
1101100110
0110000001
1001100101
0011000000
0010001111
0000110011
1100111010
0000001111
1111111111
0100001110
0000100111
1111111101
0011100111
1101001000
1001011010
1110010011
1001000110
11
1100010011
0000100010
0100110110
1110001101
1010011001
1001110000
1111111001
0100101010
0000011100
1001001010
0100001110
8
011110110
111011110
111110101
010110001
111011011
010101000
100100111
010111110
42
00000100001
10000111010
10000110101
10010010010
00100101000
00000100001
01111010111
00110001110
01011001111
01000111101
11101010000
01100010101
10101101011
01101001001
01000101010
00111001111
11111101111
10111110101
10101010011
10011100000
10100000001
00110001100
11101101110
00101000010
11010110010
01110101010
10000001110
11100100101
11010011001
01111110000
00111101110
01100110110
00001100010
10110000000
10111110101
00010101000
01110010111
10100110110
10101001001
10101000010
01100001000
01000011110
18
100000100
001110000
110100001
001100100
010010101
011101110
110100010
010111001
101011100
011101111
111010000
010001110
010110001
001111100
110001110
111100100
100011111
000111101
20
0011000010
1101101100
1101011001
1110010001
0001100001
0111000110
1100000010
1100000001
1010001000
0000011000
0000101111
0111110001
1111110000
1010000000
0001101110
0100011000
1111100110
1011100001
1001011101
1100111011
27
101
000
010
110
000
001
001
010
111
101
100
001
101
110
010
101
101
010
011
001
101
100
100
111
101
110
000
26
0010000
1101011
0111001
0111111
0011010
0111010
0111100
1000010
0100110
1000110
0000000
1001010
1101010
1110010
1111000
0010101
1011001
0001100
1011000
1000001
1101111
0101101
1011111
1001100
1010001
1101010
38
10000
00100
11101
11010
00011
10100
00101
00110
00010
00111
10000
11011
01101
11000
11011
11001
00110
00000
11000
00111
01011
10110
11110
01100
00010
01011
01010
01011
11001
01100
11010
10110
00000
10011
11001
11011
10010
01110
46
000101010
101001000
101000111
110110101
010110011
111011100
111110001
101100100
100100110
011111001
011100111
000011001
011110110
111000111
001011010
100101001
101000111
000010101
100111101
100101110
111001100
110011001
110110110
001101010
111010100
101101000
001101101
101110100
100110111
010101100
110010110
110101110
011101101
101101000
111101010
000001100
010001010
000000011
101010001
001100010
000001110
100000001
011001101
011100101
100001011
001000010
9
011011010
010010101
010101011
110010011
111011111
111100110
011000001
110001000
010110001
34
00101001011
00011010010
10010011100
11010110101
11001111011
10000110011
01000100011
00101001111
01101000101
01001111010
10101101111
00111001110
11000000111
01011001001
11011010111
10100001101
00001111110
11100100010
11000100001
01000011001
10000011101
01010101001
11110101000
10001000111
00001110111
10101100100
01110101010
01111010000
10000000111
10010011011
10101100011
01101011101
10101111011
10100010111
10
10011101110
11110000110
10111001000
00111100101
11110100110
00010110111
01010010100
01101111100
00101111100
00100010010
35
1110
0011
1001
0001
0110
1110
1111
1001
1101
1001
1010
1100
1110
0001
1110
1000
0101
0110
1001
1110
1110
0010
0011
0100
1110
0101
0100
1101
0100
0101
0100
1101
1010
1010
1100
48
000100001111
011100011000
011111000110
011111011001
011001000010
111010110011
011101011001
000010100011
101011000000
101000010111
110101010011
101101101001
111001010111
010101001110
101010011110
011100000100
011111010100
001000111100
010110010010
001100011101
100001000100
011110100110
000100111111
001010010001
010011110110
000010000010
010111001011
001010001011
011001111011
111000101111
110100011110
011110001000
100111010110
110001100001
100010010000
000000010110
110111000101
100111101001
001101101111
110001001000
100010001000
011001001110
011100011101
111001110011
001000000001
000110011000
110110000100
011010010111
30
0100011
0111011
1001101
0111010
0010000
1000001
0101001
1100011
1010010
1000100
1110110
1110111
0111101
1101110
1100001
0100111
0011111
0101111
1000110
0001101
1110101
0001101
0100011
1101011
0010011
0010000
0100001
1010101
0101111
1100110
9
0000110010
1100100000
0001111011
1000001101
0011101011
0111010010
1001001011
0101111011
1110110001
30
101
001
001
000
000
111
110
101
000
110
110
000
000
100
110
001
000
101
001
110
110
010
011
011
111
110
111
011
001
110
9
111010001110
001101000100
000001100011
010101001000
110110111000
111111111001
001101001011
101001010101
010111000000
15
101000001010
000100000010
000101000111
000100111011
010101010111
111001110100
111000100100
000010100011
001101000001
000010100101
011010011010
111101101110
111101010010
000110000001
111111010010
34
110
010
111
001
010
100
101
111
110
011
001
010
001
111
001
111
100
100
000
011
110
001
100
011
110
110
101
001
110
010
100
101
111
111
24
00011010010
10011011101
00110110010
01001101111
00101111010
01101001001
11111010100
00101011110
01110110001
00111110101
10101010100
10010010100
10000101101
01010110010
00110101000
10101101011
11111011000
00010010110
00011010101
10000011111
10001110010
01011101000
01100010010
01100001111
30
10101000
01101001
11100111
11110010
01001111
00011011
01001110
01101111
10011010
01101110
10111110
11011000
01001001
11011010
01100101
01111001
01001101
10111101
00111010
10111111
11011010
00101111
00111111
01111111
00110111
10000010
00100110
11101001
01101111
10100011
13
000010100
011011001
110001100
001010000
100111010
001011111
011100100
111101101
100111100
011011010
000111111
011001001
001000100
21
10001100
11100000
11110101
11001101
00101110
00010000
00111010
00001011
01101010
10001111
00011100
01111001
10101111
00010111
00000110
01010010
10101110
11101100
11110000
01000101
11111001
41
101010011
010011111
011110000
011111111
101000101
111001101
110110110
101100011
000111101
010001011
001011010
001111010
100111111
010110010
000100001
000100001
000001110
110010001
111001111
010101000
001100001
100011001
110011110
100010001
110111110
111001100
101100111
000010001
100101010
000001001
110111111
100111011
001111000
101000110
010010110
100010100
010110000
110111111
000110100
010011110
100011001
39
1000
0000
1101
1000
1111
1011
0000
0101
0010
0011
1100
0111
1010
1010
0100
1101
0100
0001
0101
0101
0011
0101
1010
1010
0100
1000
1000
1010
1100
0111
1110
0001
1110
1001
1011
0000
1101
1101
0110
14
001000101110
110000001001
011011001111
100111100000
010001110010
001010110011
010111111001
001011101101
101110000001
011000011101
001111100001
011100110000
001011011010
110011010011
35
0010100
0111010
1011010
0001101
0110000
0011101
1001100
0101000
0011110
1010100
0011000
0010101
1000101
1111011
1011111
1101111
0101001
0110000
0110010
1000000
0001110
0111101
0111011
1100000
1001001
0000100
1100110
0011110
0101100
0101010
0011111
0010011
1010000
0010001
1001110
31
111
101
111
010
110
011
101
010
010
111
110
001
001
000
010
111
100
001
010
110
001
000
100
001
111
000
011
111
010
001
110
13
100101
001101
100101
111100
010110
110000
100100
100011
000001
011100
100110
001101
111010
37
011010101010
011001100101
101101101110
101110110111
100110101110
010101111010
011011110001
010001011000
011111011110
010101000111
011000101110
001101110100
000111101101
001001101010
111110110110
100100011000
111000101101
110111101011
001010010010
000010101000
000010010110
101110110001
111111001100
100000010001
000010000101
101100110111
111011000100
111011000010
000110010110
010000011000
000100000110
100100000111
011011111100
101111101100
001110100111
011001010110
100110110001
33
000101001000
000011111101
010011010110
101111010110
111001011110
000000100010
101001111011
001001011111
011010100100
011111010100
001111011110
011111100011
111011111001
011110001011
100010100001
100011110011
101100111000
100101001101
011011010000
111010101011
010100010001
011111011010
110000101110
011100101110
110110001110
100111011100
011111101101
101011110000
100000001001
110101011001
111110111110
000011110001
011101011010
11
1011000110
0000011001
1011100010
0001101100
1000111111
0000110100
0101100001
1000110001
1001110110
0100011101
1100011000
14
11011111110
11110100111
00011000011
10111001011
00100110110
01010111110
10010110010
11011010011
10111110001
11110010001
01111111111
01101010101
00011011101
01010111001
26
000
110
110
001
011
011
011
011
011
100
011
110
000
101
010
101
100
001
111
001
000
110
100
100
111
100
10
11111
10110
01000
00000
01101
00010
01011
10100
01000
11010
5
100
001
111
100
000
44
110101011100
001111010000
110000110111
011010011110
001011101100
110011010001
100101101110
100010110111
000100111111
000111111001
000000000001
010110000001
110011111001
111101011010
001100010101
110001010001
101111111100
110000010011
011111101010
001110000101
101100001001
111110010000
111110011011
011101111011
100000001011
101111010100
001110000010
011111101011
111100110111
000110110110
011001111011
101000010000
110110100011
000010010100
101110111011
101111101110
100010101011
000111101111
010110001011
110100000111
011100010001
101010010001
001101111010
100001010010
5
011
111
101
111
111
12
00001001101
10111100100
01011101110
00000110101
11011101010
10000000001
00110011101
01000101111
11110111110
01011100011
00111010111
00010101111
10
0010100100
0001011100
1000000101
1101001000
1111111000
1100011101
1111010011
0100111011
1110010011
0001111101
6
100000100
000011101
010010110
100011111
111011100
001110010
10
100110001111
010000000111
101001000110
101011110010
100011111101
111010001101
110011110101
010111101010
001110111011
101101010101
42
10010101011
10101000111
00110111011
00101101001
11010001001
00110101101
11001010101
00101010101
00100000011
11101111101
01000101000
00111101001
10011011111
01010011011
01110011001
11011110110
10001101010
10011011100
00010110011
00010101001
10101001101
00100011001
01011001010
00111010101
01100010101
00111000100
01010011110
10100111110
01011001001
00111101100
11100001010
01001001100
10100100001
01101011110
00001100111
01000010110
11011011101
11100001010
11010111000
01110101100
01111111001
01001011101
30
111100100
001110000
101110010
101000100
010111111
110011101
111011100
101110100
011000010
111111100
110000111
110111101
010111000
100010000
111001010
110111100
110010010
100110100
100100001
000100110
101101000
110000101
010010001
010011111
101000000
011111110
000101101
010000100
110100001
111010100
42
000
100
000
000
011
100
001
000
011
101
101
011
001
110
110
001
000
010
001
011
011
000
101
000
011
101
000
111
101
110
001
000
100
101
011
010
101
111
011
101
001
111
31
000011
000011
101111
011001
100110
010001
001101
000110
000010
010010
000001
000010
110010
000111
000100
100011
000000
011011
000001
001100
110011
010000
100111
011000
101100
001110
010110
000010
010111
010111
100000
29
1100110111
1100000111
0100001100
0111011010
0101111101
1110010110
1111110010
0001101110
1011101110
0100101001
0011011010
0001101000
0101111000
0101011001
1010001010
1110011010
0110110100
0001100010
1011010111
0001010100
1001100100
1110011100
1111000010
0110001010
1111001100
0000000000
1111101101
0110001011
0000110010
13
111001
100001
110010
101000
000010
100100
100011
011011
100101
100100
010111
011010
001110
27
0000
0010
0110
1110
1011
1011
1010
0110
0100
1010
0100
0100
1111
0100
0111
0100
0111
0011
0111
1001
0111
0001
0010
0110
0110
0110
1010
42
00101
10101
11000
11000
01100
10000
11000
11101
01011
10110
11111
10010
00111
00011
00100
00100
10000
00111
10010
10110
10011
00100
01001
10011
11111
01000
00010
11011
00011
10100
01011
01011
00110
00011
11100
10111
01111
10111
11001
00000
11111
01110
42
0100111111
1100111101
0111111000
0111011110
1011001011
1100010001
1111110011
0011111010
1000101111
1101011110
1011111101
0111110100
0111111011
1000000101
1100101010
0101110101
1000000001
1111011100
0101011111
1101100110
1101001111
0101100101
1110011101
0011110011
0100011001
0000101010
0000101111
1000111011
0111010000
0011001010
1001100111
0101001100
0100001011
1011100010
0011010111
0010011000
1101011000
1100000110
0001011011
1001110101
1010101101
0011000101
17
1011
0101
0111
0000
1101
0011
0101
0100
0100
0110
1010
0111
0001
0111
0001
1111
0100
25
101011101
000111110
011011101
010110000
001010100
101011110
111011111
011100101
110001001
110101000
000111100
110100101
100011011
010111000
111110101
011110010
101110011
110001011
000000100
110110010
010101011
100110001
110011100
000100011
110011001
41
01001
11101
11001
01100
11011
00101
00100
11101
10011
00110
01101
10010
00011
01011
00010
11001
11111
11001
10100
11001
00110
11110
00100
00000
10010
10011
01111
10011
01100
10001
01101
11110
10011
01100
01100
10110
11000
01001
00110
01001
01111
19
000010111
111000001
011101111
101010000
001100101
001101001
001110001
010110000
000000100
010010111
110000011
110011010
111111011
100100001
111010111
111010110
111011100
011010100
011000100
24
101010001010
110110011010
001011100010
010001000001
110101001000
111100010100
101010010001
001010100001
110110000100
111101110011
010010001001
001111011010
001110000010
111000010011
100101000010
101111101000
000111100100
100011000000
001110000100
001100010000
111111011101
000001110001
000011111101
001110111101
13
1100
0110
0000
1101
1011
0110
1110
1001
1100
1101
0100
0100
0101
16
00111000
01100110
01000101
01101000
11101011
01001101
11110000
01100011
01010011
00101010
10000000
10101000
11101000
11011110
11011100
00111000
48
01111
01101
11101
01100
11110
01100
10110
10001
01101
00111
00010
01001
00011
01111
10011
10010
10010
11110
00110
10001
11010
01000
11010
01001
10011
10001
10001
01110
11101
01011
11011
10100
10110
10100
11110
01011
01000
10011
00010
10100
11110
00000
01011
01110
01110
00010
01010
11001
20
010101
100010
100100
010111
101111
110010
100011
111010
000001
100101
010001
111011
010010
000010
101010
110000
101000
100100
100011
000000
19
11011
00000
10111
10001
10001
00110
10111
00000
00110
11010
11000
11000
10100
10011
00000
00101
00000
01111
01101
14
110010010
000110011
101101110
011110000
011101101
110101010
011110101
101010011
011011000
111000110
001001101
101111111
110101001
010001110
29
1000011111
1111000010
0011111110
1011010101
0110001100
0100110011
1110010111
0000011000
0000101001
1010000110
1000100000
0101011100
1110001010
0100100111
1100111011
0001111010
1000011100
0101111000
0010001000
0000000111
0010111100
0110001100
1101111010
1110110100
0011101101
0000100010
0111100111
0000111000
0101010000
48
11100
00000
01100
00011
11111
11100
11010
01110
00010
01000
11111
00011
01001
10110
00010
11010
00100
00100
11111
11110
00111
01110
01100
10011
11011
01000
11001
11001
11001
11010
01100
10110
01111
10111
01001
11011
10101
10011
01101
01100
00111
11101
11001
11100
01001
01111
10011
11000
44
10101101001
10000100110
00110100001
01011100010
10011000000
01000001001
11100100001
11010001111
10011010100
10001111110
11011100111
10111101111
10100001100
00101111101
00110001000
01001100011
01010011000
01110110101
10010100011
00111110000
11101011010
11100110111
11101010001
01001111011
11101011010
11001111011
00101111001
01011101111
00000111100
00001000000
10010110011
00111000011
10001001110
10110001011
11111111000
00011111101
11110111111
11000100001
00100011110
10101101111
10001100111
11000111001
01001000011
10111010100
16
11101001101
00100111000
00111001111
01011111100
00101101110
00000100100
00111010111
01111011110
00101101110
11010111010
11000010011
11001111100
11111000010
11110011110
11101000001
00011111001
8
011
011
101
011
010
011
111
011
19
1101110
0010110
1110101
0000010
0011000
0010010
0011001
0000001
0101000
0000101
0111100
0110001
1110000
0000111
1011001
0100100
1011111
0011011
1111011
19
0101101
0010100
1010110
0010011
0010100
1111011
0110000
1011101
0110011
1010011
0011000
0001111
0011001
0100110
0011111
0110001
1101110
0000110
1001100
14
1010000100
1100001101
0000000011
1100010011
1111011000
1010000010
1111101000
0011011001
0000000100
0110111000
0110000110
1000011011
0111000011
0110100101
42
001010
110000
111110
011010
000000
011000
010111
110101
001101
001010
101100
001011
101000
111110
001100
101001
111011
111100
001000
001010
110111
110001
010100
011101
011000
111110
000111
111011
010100
101000
100000
101001
101001
001100
111110
101011
000110
110101
011001
110100
000110
001010
5
0111000
0110111
0101111
0010111
1011100
32
001001
011110
011010
110101
111111
010001
110010
101110
100101
010100
000000
101101
101111
111110
100110
100101
000110
101011
101101
011111
011001
001000
110001
011011
010001
101110
001001
000101
011010
011000
000011
001100
7
0110101
0000010
1000111
0001000
0011001
0000011
0100111
24
000011
110001
000111
011001
101110
110011
011100
100100
100000
010010
100100
010111
000111
100111
000001
101100
100101
001100
001111
000110
001111
101010
001101
011011
9
11101000
10101010
00000011
01000011
01110111
00001101
11111110
01111011
01010101
36
111101
011010
100010
110100
001100
100010
000001
110111
011101
110110
111000
101010
010101
111110
010011
111011
010001
001111
001111
000101
010110
010111
001011
011010
000100
100010
101000
110010
101110
101000
010101
111110
110010
100000
100000
100111
17
00111110
00001011
01010000
10111000
00111011
11100000
10010000
00000001
11110000
11100000
01010110
00110010
01101000
11011110
01000111
11011101
10001001
9
10001000
00001001
11111000
01000111
00111011
11010000
10011000
01111000
11101001
45
1100111110
0010011110
0110001010
0100010110
0010011011
1001111011
0001100101
0010110100
1111011001
0010111001
0100000010
1011110010
0111110010
0000111001
1000101010
1100010111
1001100000
0000011001
0111110010
0101011110
0010001010
1011011000
0100101011
0010001110
0100110100
1010111110
1011111001
1011100000
0010010001
0001011000
1001100000
1000100001
0111100010
0001100110
1100001010
0100100010
1110100001
1110000000
1101100101
1000100101
1111000011
1100110110
0111011010
0111000010
0110010011
17
0000110
1011101
1100101
0111101
1010010
0111000
1010100
0001111
1100010
1110101
0101110
1110101
0000110
0111111
0110111
1010110
0110001
45
1110110000
0010110001
0001100000
1111010010
1011000010
0011001100
0001111100
0100111000
0101110011
0110010010
0110100101
1111011110
0100010100
0111010000
1001100110
0101011101
0100001100
0010111001
1000010010
0000011101
1001000101
0010011110
0001000000
0100011111
0000111000
0111001000
1011110111
0010011101
0101110110
1111000001
1010001010
1110000110
0001101111
0000111111
0011001000
1110001001
1100000011
1001011110
0101111110
1010000101
0001010001
0010000000
0111101000
1000001001
1010001111
32
10110010
01011000
00110011
01001110
01000011
10011010
01100110
00110001
10101111
11000000
11101111
01001111
01110000
00011100
01001100
10110010
10100011
11011111
00011010
10100110
00110100
01001001
11111000
01101011
01001101
11010011
11011101
10001001
10010111
00011110
10011001
01010110
48
101001101
000111010
000010101
000001011
111101001
100110001
100100101
101000010
111010011
100111100
011000111
110100100
111111001
110111100
101110100
010100000
000000001
011001100
010111010
010001001
101110111
101001101
001000010
001101111
110000001
100100001
011011101
011111000
000100001
000000000
100000111
101000011
000010010
011111011
011100000
010100110
001111100
011100001
001010101
001000100
101000011
111000111
000010000
100001010
011010100
100011100
110110111
010101010
13
11011000110
00111110100
11000101110
01111010000
10011110001
11101011001
11011010011
10100111000
00000011000
01000110000
00011010110
00000111101
01110111100
46
0001
0010
0101
0110
0010
0110
0101
1100
1001
0010
0000
0001
0011
1000
1000
0111
1110
0100
0111
1111
1010
0100
0010
1111
1110
1011
0000
0100
1111
1110
0010
1111
1100
1101
1010
0010
0100
1011
0010
0010
1101
1001
1010
0101
0011
1101
8
10000100010
11011110101
11010101000
11010011100
00000110001
11111011001
10101110111
10010010001
18
00001100
00010101
10101110
00010111
01101000
10100111
11111100
10100111
10000011
01111000
10001000
10110110
01001010
11101000
01100001
01011111
00111010
10100100
12
010101
110011
011111
111100
010000
000100
100111
000000
010111
110010
101011
001111
11
1110
0000
1000
1111
1001
0110
0001
1000
0000
1100
0101
38
1100010
0010110
0010010
0010101
0011000
1111111
1011011
1010110
1100010
1000111
0110010
1100010
0100011
0100111
0010101
1011010
1001001
1001011
0000101
0010001
0110111
1011001
1101110
0010101
0111101
0101011
1010111
0101110
1111110
0001100
0110100
0100000
0000111
1101110
1101101
1110110
0100100
1110110
25
100111111
011111000
011011001
001111011
110000000
100110011
010011010
010111111
000100101
000101000
001011000
011000100
010100001
111111010
010101011
001101111
001100100
011010111
100000110
111010010
011100101
001010011
001111110
001111011
110110110
17
000110
011111
100001
000000
001010
100011
011111
101000
011100
011011
100010
010100
000111
000111
000101
110101
000010
14
111000111011
011001101010
001100100100
110001011000
011000111011
110001101100
111011110001
000111000001
010000000110
100010011111
100110000001
101010111111
011000010010
010101000110
14
0110000
0100000
0011110
1010100
1111110
1101110
0001110
0001001
0011100
1100110
1110010
0100111
1000011
0100010
47
1001
0011
0101
1000
0101
1111
0011
1010
0001
1100
1100
0100
0001
1011
0100
1001
0110
0000
1011
1000
0011
0110
1010
1001
1101
0110
0111
0011
0000
0000
0001
1101
1101
0010
1110
0111
1100
0011
0001
0110
0011
1110
0110
0111
1100
1111
1110
9
111100
111000
001000
011001
000111
001111
111011
011110
011000
30
000011
010110
000100
110001
011110
110110
110011
110110
011110
011110
001001
011000
100100
000001
110011
011100
011100
001001
011011
101101
001100
101111
010101
010001
001011
000111
101101
010001
011100
110000
25
0111
1100
1001
1011
0001
1101
0011
1011
1111
1001
0100
0010
0001
0101
0011
0010
1000
1001
1010
0101
1001
1100
0101
0111
1100
29
1110100
0000111
0000111
0000000
0101001
0100010
1100000
1000101
0000101
1010010
1010110
0111100
0110110
0001110
0100000
1011110
0000110
1001110
0011111
1001110
1011010
0001100
1111101
1110101
0000011
1100000
1010000
0001000
0111110
20
0110010001
1000010100
0001011000
1010101001
0000011111
1100011100
0110010010
1101110010
0001011101
0110101000
0110011001
1110000001
1000110000
1000010001
1000010111
1000100100
1100000001
1110111001
1011011000
0101111001
39
00101
00100
01010
01101
10000
00101
01111
00010
11101
00110
11111
10101
00100
00011
10110
01111
10011
01011
01101
10000
00011
10011
01111
11000
00111
00110
10001
01100
11010
10001
01111
11100
00110
10100
11011
01011
01101
11110
10001
30
01101
00000
01111
11100
01001
10000
11011
01011
01101
11011
10000
00001
00100
11111
00000
10100
11110
11100
01011
00000
01011
01111
00010
00000
01110
10001
00100
11001
10011
01101
14
111
110
110
111
111
110
111
000
110
000
100
110
110
111
35
10011
11001
00101
01111
10111
11110
10110
10100
11100
11101
00010
10000
00111
10111
00110
10101
00011
01011
01110
10010
01110
01110
10100
00101
10000
01010
00011
10100
10010
00110
11011
10101
01011
01110
11101
8
11100011
10101010
11001011
01111010
10100100
00101100
10110011
00000011
37
0010
1001
0011
0011
1000
1001
1111
0011
0011
1000
1000
1010
1101
0010
0010
1100
0110
1101
1000
1000
0111
1101
1111
1101
1110
1111
0011
1111
0101
0111
1110
0000
1001
1001
0010
1001
0001
21
00110001110
10010110101
10100001110
11100111011
00000100011
10001001010
01011011111
00101111101
11100001010
01011110100
11110100101
10000010100
01011000000
11111001000
01110101011
00100111000
10110010111
10000001101
01000010011
00101000100
10011101110
46
001
110
101
011
111
100
111
010
010
110
111
101
011
100
000
010
111
100
000
010
000
011
010
000
110
001
011
000
000
011
100
001
010
110
001
000
010
011
110
100
111
101
001
010
011
011
31
1011
1101
0011
0111
0011
1001
0011
1111
1111
0100
1100
0001
1101
1111
1110
1010
0010
0010
0110
1100
0000
0111
0010
1011
0110
1101
0100
0111
1100
0100
1100
8
101
010
100
111
010
001
001
101
14
01100
11101
10101
01011
00011
11010
10111
00001
10000
10110
10011
00111
11011
11101
41
0100
1010
1011
1101
1011
1101
1000
0101
0001
0110
0111
0110
0100
1101
0100
1111
0011
0010
0010
1111
0110
1010
1101
1011
0010
0100
1000
1000
0011
1100
1101
0110
0011
1010
1000
0100
0011
0100
0001
1011
1100
42
0100
0001
1001
1111
1110
1100
0110
0001
1100
0000
0110
0010
1101
0010
1101
1011
1000
0011
0000
1001
1100
1111
0010
1011
0110
0001
0111
1000
0000
0001
1111
0101
0000
1001
0001
0101
0010
0011
1111
0100
1001
1011
32
11100110
01111000
01001100
11001011
01110110
11011100
00111001
00010110
10000101
10100011
11001111
00001010
10000100
11110010
11101011
11110010
00000110
01100111
00110001
10001101
10101110
11001100
10010001
01011000
01101111
00110101
10111001
10010101
11101100
01101010
01001111
11100110
17
10111001011
10011000110
11111111001
01001101011
00001000100
01100001010
11100111110
00010011100
11101000111
11110001010
11101001010
10100100010
00111111000
00011100101
00110010011
00110110110
11100101110
47
10001001
11011000
11001110
00111011
01100110
01000010
11001001
01111100
00111000
10111111
11010110
10000001
11011110
01100011
10010000
01110001
01000101
11100000
00010011
10001101
00101001
11101001
00001110
00110001
00011011
10010010
10101010
01000001
00010000
11101000
11010110
01010011
11010010
01111010
00000011
10000000
01110110
11000000
00110010
00111101
00100001
01010101
10001000
10100001
10011000
01111000
10001011
13
0101010
1100001
1100000
1000100
0010110
0101110
1011101
1011111
0000001
0100001
0011010
1101110
1100110
42
1110
0100
1100
1010
0110
0010
0010
0101
0100
0001
0110
0100
1001
1000
1110
0100
1100
0111
0000
1101
0100
1011
0100
1111
0011
0010
1011
1010
1110
1111
1101
0101
0111
1010
1111
1110
1000
1111
0101
1101
1000
0011
5
11101000
10110001
01100011
10110001
10101100
35
1100111010
1011110000
0011010001
0001010001
1010011011
0101011011
0011010111
0000010001
1101111110
1000100010
1101100000
1001001010
0111001111
0101111101
0011000010
1011010010
0010111001
0001100111
0010100011
0101100011
0101011110
0001111100
0111110011
0100100000
0110101000
0111001100
1001010011
1100011111
0011001101
0111110110
1101111001
0101011101
1100101100
1110000100
1001100000
26
1110110
1111011
0010010
0010000
1001101
0110101
0001100
1010110
0111100
0110000
0010001
1010001
0110111
1000001
1110110
0000000
1001011
0101110
1011000
1011100
0100100
0010111
1101010
0011010
0001111
1001110
11
0010100
0001011
0110100
1111101
0011001
1001010
1010101
1010000
1111110
1100101
1110101
32
0000010001
0101110100
1001101100
1111100001
1110000111
1001101101
1101010100
0010000010
1100010010
0000001001
0110101101
1010011101
0110010010
0010101110
1101000110
1011110000
0000010101
0000001101
0000110110
1111010111
1001111101
1001001110
1000011101
1100100100
1010000110
1000000001
0000011111
1111011110
1111110100
0111010000
1101101111
1001011001
