410
63
28 63 84 29 38 47 40 80 52 32 84 8 37 29 86 45 19 45 71 23 38 7 86 21 30 92 11 13 59 80 98 73 98 81 25 59 35 18 26 71 74 79 29 69 68 92 87 65 70 93 68 55 83 63 19 48 21 61 48 33 53 29 47 
13
45
17 1 67 71 84 45 14 86 65 5 38 64 56 45 45 97 53 56 8 83 19 87 98 26 54 71 9 27 98 16 73 60 78 60 79 69 6 53 33 47 83 96 19 99 96 
8
42
56 54 75 58 1 2 70 72 93 73 49 27 28 7 90 49 51 91 55 100 48 69 24 21 77 78 2 49 63 86 70 86 77 19 68 100 33 78 66 48 99 72 
6
25
62 23 15 32 58 10 46 58 10 76 60 11 98 16 48 91 55 54 83 22 5 99 93 9 17 
17
12
62 3 52 90 92 3 27 17 4 23 67 25 
8
59
68 12 70 5 81 13 63 9 54 90 42 78 21 64 13 54 69 8 17 33 62 28 38 28 99 52 17 80 30 68 19 31 68 41 20 57 97 89 84 33 69 36 75 26 66 14 4 66 20 19 16 85 38 82 16 72 31 75 76 
37
97
11 13 75 48 94 83 95 76 64 49 86 34 65 84 97 78 81 63 68 78 32 19 57 59 98 32 17 63 44 57 41 10 51 81 30 27 8 53 87 88 26 24 74 87 26 90 1 86 25 19 77 25 88 25 2 37 40 47 96 49 37 44 88 100 68 65 42 84 39 89 95 61 98 76 66 45 14 31 90 59 63 25 32 100 21 85 13 21 31 17 28 43 3 94 58 47 82 
6
13
7 16 38 66 100 95 14 48 100 24 32 54 88 
5
66
53 56 27 27 24 34 22 50 81 11 33 26 9 73 26 63 42 58 21 77 54 34 5 68 87 51 43 9 48 82 90 83 14 40 49 21 43 31 89 96 47 67 58 36 29 61 44 54 54 70 93 88 60 93 95 86 30 48 54 98 38 4 3 39 50 99 
2
60
6 86 50 56 59 42 74 35 6 89 24 25 80 64 56 48 1 97 47 55 28 68 76 100 78 17 9 85 77 13 9 59 60 99 12 19 20 63 87 14 9 3 40 39 11 92 71 55 4 84 9 55 77 19 20 67 8 70 68 77 
32
53
66 9 65 32 40 21 64 72 87 30 5 1 36 96 62 11 20 70 23 55 86 27 93 63 78 96 78 92 56 96 49 52 39 10 30 69 50 33 38 61 44 28 91 55 21 77 63 67 8 86 81 46 37 
39
10
61 32 58 99 29 74 9 55 30 78 
8
63
96 31 72 10 35 34 71 59 46 100 5 70 26 88 28 40 25 16 85 84 59 88 51 15 93 89 48 7 7 57 17 49 18 89 37 7 99 85 9 83 34 19 43 11 7 21 70 96 13 22 84 75 76 37 75 7 38 99 12 37 71 41 7 
45
87
14 68 70 73 48 69 27 47 45 11 43 58 51 82 90 33 87 100 82 39 42 35 9 68 16 99 53 53 80 8 22 62 79 34 35 27 99 65 86 97 67 24 50 47 12 97 59 81 79 69 57 27 47 68 65 63 84 61 42 36 23 74 71 100 57 44 51 42 58 42 46 18 21 64 53 81 54 14 99 22 36 58 23 49 9 91 1 
28
21
81 93 87 60 50 40 57 65 84 3 4 38 37 71 39 37 70 50 49 98 9 
13
18
23 10 21 41 64 83 23 92 63 83 56 12 88 8 11 28 35 73 
15
13
16 69 16 66 23 55 84 94 16 87 65 55 13 
3
80
98 10 81 41 69 85 56 14 36 6 2 57 4 9 58 47 8 37 52 61 3 59 49 30 4 35 50 50 49 96 35 10 14 13 13 22 29 85 12 87 14 26 56 97 57 57 14 70 62 28 38 76 91 26 66 11 29 65 94 35 12 9 73 32 65 51 43 61 32 37 65 62 58 17 67 73 50 25 91 34 
28
54
76 4 76 55 97 38 32 53 26 15 89 97 75 17 8 66 54 79 6 50 39 41 94 75 41 64 72 98 66 11 7 78 5 78 97 5 27 76 51 62 13 79 1 88 79 58 2 53 46 52 53 57 89 22 
25
11
47 7 94 4 34 41 5 80 67 54 100 
7
78
31 94 77 51 55 19 8 16 67 62 70 60 57 78 31 68 100 37 56 6 59 59 23 20 40 75 60 44 73 86 70 71 69 61 30 60 75 58 9 35 98 32 75 37 47 39 17 95 95 28 36 94 75 87 41 10 35 62 94 27 50 68 71 27 51 84 58 6 68 1 25 52 90 89 80 89 50 30 
3
69
2 68 99 75 15 11 14 16 21 26 6 1 83 68 91 79 3 100 81 43 81 47 59 22 41 61 45 2 94 79 6 90 74 78 32 64 74 37 65 62 47 79 66 59 91 30 38 14 3 41 3 87 20 80 84 39 3 83 82 64 57 81 78 25 18 55 67 2 34 
20
7
93 23 48 11 45 79 61 
2
45
95 55 47 11 18 68 80 59 3 70 91 14 39 47 57 77 27 8 28 71 52 13 68 12 54 61 96 15 18 97 27 89 33 47 1 62 28 85 89 47 88 19 22 21 62 
39
25
97 30 11 91 23 60 21 98 42 99 62 64 26 63 94 48 10 41 55 6 12 43 58 96 55 
25
33
61 85 98 3 80 8 70 82 82 40 95 44 29 10 55 47 43 52 88 43 31 38 8 33 51 23 36 36 40 14 68 60 37 
21
16
36 89 66 9 96 91 14 58 16 9 60 64 27 73 23 45 
2
79
44 98 81 10 46 31 93 41 64 31 96 60 24 42 100 85 34 50 11 12 58 95 28 47 88 50 16 50 86 55 8 3 37 93 80 91 38 95 43 63 98 85 55 80 19 94 70 52 91 94 26 11 38 98 57 78 4 73 42 99 99 17 75 8 73 58 67 16 12 54 94 90 38 54 12 72 87 70 83 
8
62
17 61 18 29 39 30 64 16 16 87 74 42 48 2 82 4 29 24 26 4 40 12 37 32 83 47 49 84 14 67 26 63 70 67 43 3 25 7 8 42 96 47 78 57 39 69 31 42 30 100 8 70 55 27 82 78 63 20 93 30 90 93 
34
99
8 53 15 29 78 89 1 49 91 23 12 11 47 8 23 52 11 56 54 4 67 46 22 75 78 73 18 88 76 56 98 54 44 46 53 13 41 54 90 9 4 29 50 87 8 100 69 70 15 29 33 86 28 8 54 91 70 55 54 63 94 73 1 24 23 68 56 53 10 17 76 88 44 34 33 98 65 84 21 44 67 30 100 53 14 50 85 67 44 70 59 35 56 18 57 75 28 49 17 
21
85
13 30 56 37 23 92 25 42 3 1 1 86 62 23 92 97 6 64 37 80 53 52 3 40 68 50 21 3 51 67 75 56 7 39 25 59 83 100 81 22 66 48 42 32 62 37 60 36 32 34 80 86 72 76 68 88 88 17 27 10 29 41 85 6 29 79 7 91 18 41 2 60 43 94 56 65 73 24 33 95 46 23 89 67 52 
67
30
29 30 40 42 6 11 68 97 41 32 1 3 11 84 6 60 23 74 69 64 35 35 17 73 86 9 41 74 21 24 
9
15
33 61 52 52 40 4 92 15 47 79 61 11 91 55 22 
1
54
19 25 88 2 5 29 24 38 12 20 81 59 99 48 26 80 18 82 60 89 26 7 4 69 50 56 65 44 9 95 12 42 13 82 37 69 1 3 36 90 7 69 47 53 72 68 33 64 88 18 91 2 63 28 
17
22
78 100 94 71 38 83 7 64 66 13 34 52 71 98 4 8 48 54 65 8 45 22 
12
16
7 88 20 83 48 83 16 2 8 14 8 51 89 94 44 94 
12
40
48 70 86 89 44 29 67 6 91 56 77 52 93 40 89 84 31 94 69 25 18 79 80 49 13 50 27 12 61 76 59 50 70 56 59 95 85 28 66 57 
24
78
58 42 89 21 84 93 92 75 1 79 41 40 42 29 39 50 20 41 43 13 40 70 98 1 91 36 91 13 45 89 42 47 12 84 95 88 49 62 64 7 61 3 71 12 81 18 9 13 51 76 11 76 17 21 60 15 35 10 7 40 45 26 9 8 20 56 78 57 58 89 26 81 90 86 30 94 83 23 
17
63
61 9 35 37 90 28 54 22 96 96 27 61 20 33 38 66 68 39 45 77 24 31 36 5 60 57 58 6 21 2 61 88 6 43 72 40 3 42 15 70 45 87 93 87 35 51 30 10 29 46 96 3 57 49 4 28 1 34 26 72 60 19 36 
56
47
42 34 78 1 97 7 75 64 39 11 82 90 57 65 57 56 88 100 98 41 67 2 96 66 83 65 28 93 8 37 24 56 9 71 13 31 79 40 83 17 56 100 85 63 41 69 29 
4
58
95 54 36 61 93 29 3 18 24 50 1 68 28 97 72 76 94 5 49 33 17 59 43 87 62 47 82 17 17 42 8 31 20 43 7 72 81 20 69 9 54 9 38 85 50 69 42 32 5 82 66 83 93 8 70 59 74 6 
17
55
54 32 5 21 60 92 77 47 97 65 54 28 17 55 39 75 64 87 21 69 67 20 14 88 74 7 68 33 13 73 52 29 45 99 85 21 27 81 6 1 3 18 45 18 15 16 55 52 8 48 81 55 92 58 30 
8
35
77 10 79 100 55 19 21 48 81 92 96 60 68 94 2 15 61 2 77 53 38 12 27 83 77 49 31 53 36 83 37 47 67 69 80 
24
96
87 2 13 46 77 93 52 38 7 90 68 15 66 82 17 32 98 25 69 41 71 36 25 54 3 69 74 74 36 64 57 46 99 83 2 15 75 79 3 79 34 12 87 62 90 26 87 58 68 26 52 79 95 52 51 59 54 9 37 78 66 58 43 54 9 62 46 11 5 96 93 76 63 86 98 99 97 87 65 33 84 44 94 63 91 77 26 59 24 16 44 12 45 63 73 84 
24
14
9 24 94 49 88 44 83 90 53 16 57 17 35 57 
10
15
14 79 82 26 17 59 38 14 31 49 81 62 39 62 82 
13
91
15 27 15 64 68 16 73 88 96 100 62 48 70 96 6 1 39 10 50 97 22 1 14 29 16 31 46 75 40 41 36 53 31 25 82 58 84 67 97 2 47 42 98 26 37 93 90 48 12 22 85 13 56 63 68 56 37 35 72 75 91 9 7 62 52 40 5 50 76 2 99 61 50 43 4 99 44 82 86 15 84 84 26 74 26 8 45 33 95 93 38 
39
31
86 78 68 66 86 90 55 1 55 78 28 38 88 50 57 40 36 66 15 43 17 23 64 92 74 28 31 25 53 89 55 
15
40
90 100 61 83 12 61 35 51 9 19 99 95 12 41 83 62 73 25 83 62 4 82 68 89 44 30 26 34 44 63 89 93 76 89 48 37 42 70 53 64 
33
83
4 45 18 43 26 15 66 19 43 65 24 6 12 40 13 19 1 68 54 13 44 66 13 21 9 38 11 83 23 91 67 1 57 36 11 44 22 29 90 33 63 90 38 84 35 64 24 11 25 67 78 84 61 98 12 3 63 86 94 98 35 59 98 26 75 70 40 71 52 75 70 51 69 59 96 44 41 58 37 84 33 22 85 
58
93
40 16 71 67 38 24 35 47 52 91 29 89 54 80 79 83 52 30 13 80 12 67 39 86 29 5 48 34 15 90 64 65 37 41 4 36 89 20 91 58 62 77 83 72 36 71 58 47 89 38 52 41 96 89 4 65 51 33 40 53 71 100 87 69 62 27 81 89 66 55 16 13 69 73 67 90 55 83 69 49 84 78 57 87 75 40 51 25 61 43 38 92 18 
91
32
78 53 22 46 19 57 36 12 22 46 63 96 82 29 13 97 93 61 39 57 20 73 34 82 4 74 85 6 28 89 45 18 
30
92
90 16 91 60 15 64 11 84 15 73 62 57 94 40 44 57 42 33 22 30 46 26 85 21 57 60 17 33 10 22 12 98 41 96 61 56 29 86 98 48 20 74 43 55 44 14 2 29 77 54 86 96 61 4 94 18 56 59 44 67 25 61 16 50 91 33 25 14 52 5 90 51 52 48 94 5 27 82 12 90 80 38 79 38 44 20 1 56 56 26 81 39 
55
62
95 34 42 87 89 11 89 55 9 64 61 50 16 43 46 20 94 69 22 36 18 81 37 73 64 14 11 86 81 22 30 14 85 18 90 30 64 85 77 9 38 37 82 95 42 62 62 92 95 94 30 47 88 69 86 97 89 3 73 37 91 37 
16
86
43 42 57 71 88 8 31 30 100 58 76 35 66 45 33 65 76 1 35 52 69 55 85 26 15 30 52 40 92 94 63 25 33 47 46 2 73 91 93 43 55 27 92 68 99 20 79 35 10 69 37 73 97 11 50 81 29 91 85 36 66 60 67 17 47 18 28 73 75 2 28 43 24 61 59 65 40 43 77 91 18 84 1 63 47 65 
16
86
97 83 42 89 82 54 71 49 49 57 44 91 91 21 25 19 38 25 92 27 84 2 76 94 26 14 79 13 44 66 67 6 35 47 47 56 15 66 49 7 42 81 41 42 80 13 37 5 15 78 38 61 45 50 39 85 37 28 51 92 92 72 66 14 87 35 33 75 84 3 69 98 61 41 28 42 10 29 43 57 55 59 36 91 11 62 
7
24
45 24 98 5 38 60 47 74 41 97 16 82 16 53 70 91 92 74 54 8 26 33 29 54 
17
87
3 79 23 14 96 30 65 92 95 80 52 64 3 63 67 99 97 58 38 81 69 94 12 69 23 57 50 48 98 26 25 85 53 90 73 91 7 96 81 97 29 80 38 41 10 3 74 66 84 94 92 50 90 44 63 68 20 30 1 32 12 8 22 42 31 62 35 18 70 63 36 89 47 38 67 53 75 32 3 43 50 80 71 62 13 27 39 
76
72
42 40 81 43 10 93 86 77 19 17 18 14 73 32 37 24 18 32 84 11 86 34 89 2 28 91 29 59 29 6 65 21 54 42 53 66 24 26 85 17 95 36 90 54 22 62 88 56 1 39 78 30 18 25 91 85 10 73 65 93 1 48 29 49 69 93 16 64 49 13 80 72 
67
27
18 8 41 66 54 83 96 10 97 71 37 72 6 8 27 64 6 48 57 30 100 91 62 10 25 66 43 
8
38
2 59 51 99 41 5 9 19 31 78 18 13 44 69 100 27 95 100 75 53 86 92 97 9 6 21 88 21 8 100 22 19 64 94 84 6 30 68 
35
73
82 45 47 19 4 50 69 71 59 90 43 41 72 32 86 47 49 28 71 57 14 51 50 4 2 80 58 62 54 18 75 72 71 8 74 65 50 38 14 99 6 39 28 35 80 99 73 33 87 51 46 48 11 89 19 96 63 33 80 50 14 62 41 27 1 1 80 24 45 52 10 52 56 
24
22
44 21 10 39 17 23 71 68 47 63 26 64 90 33 87 60 44 72 33 71 7 93 
4
81
78 66 36 51 20 1 3 81 72 99 98 66 98 61 31 5 42 28 62 46 45 98 95 59 67 17 21 50 74 52 60 86 30 78 51 68 34 73 34 18 79 88 52 51 68 81 7 8 85 48 93 74 89 40 62 69 68 58 36 98 49 61 54 86 40 25 84 66 75 51 12 61 80 36 95 52 94 51 8 6 37 
46
40
61 46 41 96 15 32 42 86 28 88 5 30 59 93 64 93 80 24 84 91 84 63 97 74 55 3 57 1 32 51 14 81 90 90 28 94 82 9 90 86 
10
98
11 73 100 81 100 68 69 19 42 83 46 32 79 80 68 12 61 56 63 63 70 63 21 25 34 38 67 74 70 93 45 68 20 84 88 18 70 17 22 53 92 75 53 75 30 100 38 72 81 23 98 24 44 69 9 84 88 33 58 4 84 61 61 29 82 61 64 78 33 88 99 85 2 77 48 60 38 78 93 42 3 28 47 47 41 66 58 63 23 57 34 86 87 28 3 39 73 13 
39
60
98 2 91 80 60 81 31 52 59 19 13 82 7 99 58 83 84 45 92 66 23 43 96 50 28 19 48 94 43 99 34 62 65 19 6 82 32 61 91 59 74 4 23 79 27 12 60 19 74 7 56 93 80 81 16 24 14 82 20 58 
51
82
30 18 8 27 82 94 33 83 76 99 67 36 5 93 37 66 35 8 77 57 41 35 83 51 16 14 5 44 25 28 23 19 57 14 62 56 24 3 31 54 83 94 29 14 50 26 50 81 15 13 31 34 32 7 33 78 70 12 30 98 3 14 45 75 5 59 53 18 66 16 70 84 72 89 85 24 21 24 56 22 2 87 
70
66
81 100 83 8 33 27 26 5 11 51 36 54 50 73 44 71 55 27 26 83 4 96 50 62 44 95 79 48 14 71 57 34 11 59 96 16 90 43 6 31 29 32 51 61 21 99 4 6 66 6 74 75 10 64 11 78 32 58 56 83 60 17 22 94 34 84 
26
38
39 96 52 3 86 69 11 90 77 39 13 65 40 19 100 39 76 71 22 49 24 13 47 19 28 43 16 87 6 63 95 10 86 86 30 95 21 76 
8
37
21 18 77 77 40 63 16 81 63 43 45 69 54 41 64 33 16 5 79 94 98 23 97 79 79 2 29 31 62 81 19 22 28 73 81 24 45 
14
23
23 44 99 93 77 42 24 32 44 71 96 10 18 96 6 97 78 57 84 34 22 30 55 
9
78
11 62 61 28 55 28 65 21 69 20 15 96 19 90 70 78 63 75 54 81 26 74 52 67 29 2 11 21 70 78 3 5 96 4 99 67 33 31 64 6 54 41 100 6 59 89 95 74 81 13 13 53 4 39 37 92 75 63 27 10 9 20 59 6 40 42 50 15 65 88 15 54 2 72 5 39 59 89 
45
5
54 71 80 1 6 
1
86
58 75 39 91 3 32 51 5 7 58 29 84 4 47 53 50 78 33 40 5 1 23 96 99 12 97 97 98 69 74 92 50 36 60 28 18 80 92 75 66 29 81 42 66 13 94 82 15 41 58 59 80 14 84 2 31 13 83 55 50 77 35 48 90 94 91 35 26 50 39 89 93 65 47 19 48 85 82 52 66 3 63 23 14 89 46 
49
46
65 39 74 64 48 53 68 92 52 60 74 46 27 75 71 76 97 3 21 92 64 6 98 98 88 28 26 22 23 55 66 40 5 65 18 50 63 100 4 97 59 18 4 69 41 35 
39
93
32 40 19 24 58 69 82 95 72 63 5 10 13 86 12 90 98 83 95 64 32 61 50 75 100 26 83 9 72 91 19 76 59 53 11 97 31 92 81 5 6 77 10 50 10 68 1 14 5 8 76 85 100 54 46 5 26 38 50 95 6 86 40 10 38 24 53 97 16 51 5 43 55 65 96 82 81 21 36 89 88 43 44 34 72 80 5 93 6 94 30 90 19 
82
85
50 11 33 27 63 54 41 34 16 65 23 42 50 13 28 12 83 28 99 76 4 66 98 70 8 12 58 68 29 84 68 62 65 38 86 27 32 57 60 90 71 55 92 97 50 24 28 39 11 77 44 35 23 87 23 86 47 18 60 85 89 5 10 95 10 55 80 69 17 99 23 22 77 40 16 46 9 16 31 89 14 30 74 100 35 
26
55
10 24 34 83 54 75 73 38 74 17 66 83 32 99 29 96 24 20 62 38 8 94 44 64 68 72 24 6 17 16 10 16 33 79 59 60 16 45 53 73 45 18 47 42 20 56 13 63 75 31 71 13 49 35 6 
21
16
32 62 3 68 5 7 45 40 22 59 100 2 43 86 13 16 
15
88
21 47 5 93 7 6 38 4 45 31 84 71 40 13 65 60 17 80 67 49 77 81 93 77 46 95 70 27 42 93 22 51 56 54 78 80 24 90 41 13 58 77 90 20 55 58 52 21 64 40 75 8 78 79 52 57 49 9 77 1 53 43 9 56 39 42 18 66 62 58 13 1 81 70 7 16 3 9 84 37 15 54 25 33 91 57 91 2 
61
97
76 85 12 71 76 95 27 39 6 68 80 37 24 92 63 65 17 3 12 96 4 6 23 17 65 95 14 92 72 55 6 80 87 18 33 36 19 62 79 82 100 83 36 21 95 20 17 39 93 23 10 38 55 86 64 15 62 69 93 90 93 99 50 6 100 30 85 82 75 22 7 37 19 87 98 57 73 51 80 55 68 61 41 96 66 67 12 50 82 34 52 93 75 92 59 28 70 
7
27
100 19 89 70 29 31 42 82 64 29 24 7 59 46 19 9 35 61 69 32 89 3 96 39 7 73 19 
18
18
33 66 47 9 79 43 72 9 81 41 13 71 90 14 83 99 30 10 
9
34
88 65 4 39 49 47 4 52 19 70 89 79 46 67 73 69 88 63 4 44 39 65 13 85 82 30 66 67 73 75 19 87 76 30 
24
51
51 34 92 43 81 50 15 33 52 46 48 12 43 91 98 21 68 80 10 80 12 29 47 68 59 34 10 80 20 16 98 35 32 67 75 92 54 5 45 75 79 74 76 7 12 12 14 94 27 44 78 
7
69
59 47 16 8 51 1 39 86 49 89 27 17 41 95 37 73 77 16 88 45 34 77 37 44 73 44 40 92 54 98 68 41 26 24 49 2 34 22 32 44 52 90 47 69 90 41 96 51 85 21 77 10 37 62 14 17 12 53 51 3 1 43 14 80 88 20 78 43 54 
31
98
24 96 42 9 49 64 48 43 42 29 65 24 36 49 45 14 9 24 28 44 38 66 91 5 67 71 21 50 28 86 5 86 98 71 54 43 100 28 24 11 30 20 40 68 83 51 67 29 90 44 70 99 8 33 64 90 17 9 50 47 56 89 41 32 91 85 96 45 59 93 93 25 42 35 27 12 22 23 59 63 44 60 1 23 83 26 85 53 3 16 80 3 55 90 67 56 6 88 
22
54
91 64 76 49 87 97 26 56 76 49 14 30 13 48 93 34 40 74 69 84 11 74 75 46 38 13 62 79 90 23 15 45 50 16 85 68 18 77 6 50 91 53 100 97 63 32 32 78 31 1 35 64 9 54 
30
71
79 22 88 77 7 93 58 70 64 100 52 90 23 29 84 78 22 55 89 40 87 72 100 66 88 41 38 86 56 55 83 24 22 89 38 45 52 67 34 89 46 66 74 75 35 40 28 63 56 54 7 26 14 76 82 33 38 73 37 89 20 73 87 40 4 92 96 2 79 100 40 
42
30
16 90 87 72 14 82 100 47 39 22 28 64 31 3 28 57 91 76 31 36 93 92 64 12 36 38 8 63 79 42 
8
23
81 80 72 2 71 20 11 85 15 45 55 8 71 83 29 38 88 1 76 76 6 90 38 
15
96
44 12 74 1 37 56 100 21 88 65 29 83 23 26 89 68 64 15 72 55 24 74 95 74 93 8 55 53 28 83 9 87 45 25 93 71 56 79 20 54 75 13 7 26 82 91 22 45 94 95 48 86 16 31 77 11 32 76 50 88 23 26 58 63 89 14 40 21 84 70 42 6 87 31 79 59 25 96 33 60 64 75 45 43 72 81 25 83 84 57 60 76 1 38 39 36 
35
32
27 66 2 46 100 87 59 81 39 28 71 36 22 33 19 60 55 40 88 33 36 79 10 46 73 5 66 6 75 18 73 45 
17
71
65 90 83 95 40 72 24 1 4 90 34 39 50 39 49 18 24 60 68 11 6 75 75 33 86 25 86 97 61 37 88 49 92 4 47 42 38 91 20 17 78 25 74 99 51 71 98 50 14 59 60 52 64 50 67 51 7 21 22 28 98 77 36 94 90 84 49 3 99 57 10 
48
46
32 49 84 2 95 14 81 1 48 78 1 56 21 25 79 98 88 12 54 17 52 67 19 100 15 8 96 3 95 30 3 3 79 33 47 68 63 23 86 92 66 89 71 51 66 69 
37
15
63 51 55 2 19 9 32 69 5 91 83 90 45 60 62 
13
94
63 85 36 99 57 59 45 20 61 2 47 16 67 4 75 16 93 14 31 66 53 41 43 25 21 95 7 84 38 23 37 71 47 17 67 84 77 23 78 45 82 5 37 85 61 56 4 72 91 14 43 19 90 67 94 94 13 85 87 85 96 89 82 99 17 95 78 68 15 65 1 90 11 21 92 47 17 87 48 51 42 61 35 60 61 2 60 70 37 5 43 91 28 89 
36
26
84 38 47 99 42 97 73 32 49 11 73 17 99 11 48 41 73 23 74 72 42 78 19 81 100 6 
26
23
71 8 15 21 39 86 45 90 69 45 91 11 37 73 74 72 75 49 29 87 39 9 45 
3
57
65 86 75 58 67 25 94 27 45 10 13 61 86 87 95 58 55 93 100 77 79 73 91 38 94 19 17 57 56 18 14 94 96 32 91 48 43 35 89 95 86 37 91 66 98 19 26 75 34 95 82 85 40 31 20 60 7 
47
79
59 55 40 100 85 15 33 64 54 47 62 18 37 17 80 77 71 29 20 82 53 8 49 71 58 93 93 63 64 29 88 9 66 96 53 35 68 53 38 45 88 47 99 31 66 48 67 1 81 93 32 12 91 10 27 47 74 19 32 97 31 27 2 35 100 34 39 98 6 23 68 56 100 95 40 43 58 70 77 
9
16
88 16 96 71 88 29 16 17 79 7 14 20 60 97 84 6 
15
85
76 12 42 35 63 18 77 55 88 94 34 64 4 31 11 36 61 6 45 16 3 20 79 53 87 21 75 97 34 11 67 78 89 13 88 91 74 1 91 95 100 19 58 11 79 19 84 58 6 3 97 70 58 42 60 89 58 32 15 38 78 100 99 25 34 24 63 95 69 30 49 9 10 33 51 7 20 65 19 86 69 66 60 80 99 
54
14
58 56 59 73 62 19 21 19 92 60 64 99 12 44 
3
7
98 80 5 76 49 6 83 
7
21
10 9 62 44 73 10 8 88 39 42 49 30 91 15 55 75 63 82 78 36 92 
8
96
88 54 7 24 71 37 53 70 19 17 4 77 8 42 100 81 76 56 5 50 60 1 66 52 90 11 15 82 32 99 96 38 27 35 85 19 94 93 88 9 38 45 51 88 26 99 17 100 5 41 34 3 97 98 88 13 95 84 71 67 8 71 4 13 16 91 39 51 7 16 23 48 29 73 69 71 38 100 7 89 78 27 73 98 98 66 18 74 32 54 38 59 15 83 99 98 
48
81
43 28 65 13 34 72 10 88 20 10 82 32 3 68 77 86 59 55 48 46 56 99 92 77 12 79 65 57 71 20 97 6 78 57 20 91 80 27 45 97 51 27 29 100 72 13 57 99 61 20 5 75 12 98 12 18 58 93 75 56 31 29 97 97 1 48 72 13 67 50 48 57 64 48 40 35 85 52 49 40 68 
61
57
60 86 72 90 95 90 84 45 16 87 4 87 5 29 45 45 77 42 25 13 40 12 88 48 39 20 70 5 97 79 89 12 67 75 88 30 54 78 50 46 92 65 76 46 39 52 79 95 24 8 73 72 15 16 60 72 38 
46
58
54 13 38 76 27 46 98 70 11 62 82 29 49 33 34 81 76 14 78 49 29 69 65 53 71 55 12 12 44 81 44 64 92 46 77 96 30 66 53 20 76 32 7 47 65 86 74 36 95 31 86 29 65 57 78 96 82 76 
12
92
71 42 37 100 92 66 99 67 95 93 96 65 55 73 86 89 20 15 56 44 65 83 24 92 5 46 68 68 28 93 40 24 22 65 31 42 42 68 73 9 27 78 43 28 3 53 87 4 48 57 57 13 40 78 17 70 38 11 29 46 40 5 65 34 30 21 63 71 8 13 64 9 83 78 99 19 75 4 46 21 17 93 90 18 43 94 6 31 71 77 68 31 
36
10
37 70 30 2 89 45 16 92 82 18 
1
100
14 62 10 42 23 2 69 50 68 69 60 60 13 86 76 73 72 78 43 20 6 74 17 28 51 78 70 21 56 64 91 67 62 34 57 12 85 16 97 26 89 16 69 57 28 17 72 18 1 56 91 57 32 65 30 85 79 64 84 52 41 96 81 18 43 40 14 60 11 32 38 39 44 76 86 44 23 32 24 23 3 29 7 1 97 49 58 93 11 6 46 18 37 51 73 21 13 6 98 35 
28
54
93 4 54 84 44 16 90 45 73 23 56 64 73 17 61 55 77 87 41 90 5 94 44 48 64 17 38 99 35 3 65 50 78 30 32 72 87 79 6 81 87 35 34 67 41 86 18 98 9 34 93 67 83 91 
19
5
12 93 73 76 83 
1
38
52 90 51 62 64 96 55 18 7 40 40 99 37 58 68 2 63 3 67 19 70 10 74 61 65 31 75 67 50 70 5 45 30 6 67 18 12 41 
3
61
83 12 84 18 51 26 80 100 18 42 51 21 53 87 95 73 3 1 41 89 89 65 28 25 29 3 29 92 40 52 96 86 47 17 18 3 71 79 10 1 45 85 70 96 57 73 68 74 77 9 73 87 32 70 42 87 14 6 31 57 24 
12
60
44 14 59 46 79 77 94 52 60 11 16 36 16 94 97 51 97 66 18 21 61 41 41 25 6 45 58 40 54 93 19 7 52 12 5 10 75 26 12 63 99 43 34 34 16 66 93 69 1 6 50 97 72 63 24 34 29 72 15 44 
59
59
61 61 19 31 89 99 40 35 5 46 22 46 58 74 27 3 65 50 3 64 8 97 68 34 31 100 5 63 68 29 17 57 64 1 79 7 40 76 86 86 48 66 62 36 64 90 15 25 72 94 24 21 10 39 41 94 29 50 41 
29
92
76 13 40 54 41 60 24 34 34 52 62 28 77 49 3 41 45 60 36 38 60 68 96 59 40 1 32 59 58 91 99 12 89 41 67 88 41 67 46 70 82 99 3 74 86 7 96 77 69 49 31 92 85 20 86 28 2 86 62 76 11 52 19 3 43 26 31 8 26 98 70 76 48 21 93 14 37 70 34 64 27 2 42 29 23 74 35 80 35 86 11 23 
8
12
75 11 61 96 17 7 45 80 7 34 11 93 
8
54
18 31 41 36 100 20 98 94 13 85 21 3 1 1 44 21 89 78 41 96 12 42 71 38 47 38 87 31 56 33 17 78 99 9 10 26 3 54 17 100 65 41 81 80 80 15 10 84 68 2 74 9 40 1 
5
32
86 76 86 41 59 97 16 95 88 42 86 47 17 8 16 57 82 67 47 74 68 7 9 69 18 49 10 81 7 71 39 41 
15
95
85 21 89 90 29 76 18 11 79 7 57 56 56 39 94 49 17 45 93 73 91 36 59 48 92 50 76 44 11 33 95 31 45 45 42 14 62 46 57 81 97 34 59 95 100 72 29 89 45 93 58 85 72 49 88 42 11 4 6 63 1 72 69 17 19 53 98 30 82 85 38 73 13 45 86 15 8 39 3 74 60 18 11 66 86 87 18 77 89 56 80 13 6 46 67 
68
74
29 99 52 77 59 23 57 45 20 76 96 46 25 31 82 6 12 43 99 47 93 56 3 70 33 52 27 70 24 84 14 46 1 58 61 41 77 88 71 70 17 96 35 28 73 76 7 14 74 98 51 52 37 96 8 47 4 24 25 44 21 63 100 30 75 90 49 77 70 28 69 58 3 33 
65
81
74 7 10 87 52 25 30 97 13 44 77 10 25 47 69 52 6 73 88 74 80 70 84 35 100 94 86 37 12 6 45 30 77 92 91 24 2 43 62 26 56 63 73 19 8 45 53 1 18 12 24 10 50 9 3 68 84 54 38 75 33 7 31 18 25 17 98 58 86 35 97 95 82 44 41 2 16 64 12 2 21 
30
61
15 25 67 26 14 56 74 36 92 14 57 25 39 22 23 43 28 79 68 38 75 62 8 45 83 90 49 55 26 76 15 84 85 79 78 1 4 45 32 34 98 96 99 7 9 12 72 61 65 17 35 92 67 9 22 24 21 91 43 29 78 
26
6
96 43 71 12 66 97 
5
50
100 51 75 7 36 49 98 41 83 13 53 26 54 51 100 49 70 96 68 14 100 99 100 47 82 65 25 53 45 35 20 45 6 47 84 28 40 1 73 34 34 73 54 21 4 53 18 19 41 95 
32
100
69 94 98 19 40 41 30 7 62 28 14 35 51 25 100 41 47 68 89 22 65 65 15 9 45 44 19 28 88 47 24 92 100 81 31 62 9 47 68 30 82 62 75 27 5 11 80 43 27 81 33 15 98 25 94 30 48 57 27 56 18 61 56 26 86 72 38 71 39 58 68 91 80 30 90 61 78 70 18 67 66 80 51 46 4 21 83 48 37 35 50 18 70 9 89 14 32 68 27 96 
73
71
80 44 31 91 51 69 17 2 32 17 66 38 76 88 5 95 95 40 92 100 26 35 24 18 78 91 67 93 24 71 69 60 84 46 24 54 7 59 20 43 66 28 63 91 93 100 100 29 78 18 76 49 86 29 37 95 19 91 75 43 44 67 28 65 8 75 10 84 47 24 89 
7
35
58 82 11 26 85 14 38 57 73 90 74 53 46 95 77 1 48 59 58 98 70 68 86 89 100 61 37 6 75 92 53 62 97 3 87 
18
87
75 91 100 40 52 7 56 5 97 6 72 19 28 31 9 84 2 16 46 49 67 16 93 5 60 51 96 8 61 44 28 100 13 47 2 98 2 94 76 66 62 21 40 35 100 31 67 57 60 98 84 29 50 53 51 68 9 15 88 85 70 83 68 19 90 26 8 83 31 83 10 30 64 89 88 79 45 53 1 42 23 3 19 44 7 21 32 
80
84
27 40 47 70 39 19 94 48 2 47 37 31 52 68 63 85 50 28 81 43 99 78 64 87 36 36 61 73 65 7 13 22 3 63 43 100 79 74 31 83 17 100 71 81 50 89 35 96 89 66 46 64 76 30 34 51 63 58 87 18 55 95 34 60 75 58 96 93 8 13 99 52 26 87 64 44 70 86 1 72 39 100 5 87 
20
99
68 33 70 57 78 59 79 18 9 40 4 27 62 3 14 61 77 92 64 87 81 1 42 10 93 14 100 42 86 28 67 14 47 4 38 77 67 4 40 83 54 65 17 3 20 52 27 76 17 74 38 71 13 3 54 49 43 15 91 64 20 5 92 91 92 55 53 86 23 15 99 85 77 61 69 14 83 98 15 62 35 82 43 74 50 50 99 40 29 36 20 68 62 20 48 55 69 84 31 
55
32
6 23 40 47 76 23 61 34 40 90 5 28 7 5 80 75 95 44 17 51 16 87 84 41 71 74 92 15 9 76 61 95 
17
78
41 66 97 68 32 92 35 55 32 11 78 51 38 78 74 27 76 21 3 4 90 38 88 48 22 92 9 59 11 82 37 25 35 88 99 52 32 99 49 60 4 89 12 96 4 6 57 73 68 92 12 44 58 81 90 69 95 67 82 21 100 62 15 68 35 52 8 43 42 30 28 1 22 41 89 65 5 28 
25
47
21 1 7 17 25 78 74 55 23 12 39 4 84 100 7 98 41 36 100 15 7 34 95 24 66 41 52 34 25 29 4 12 77 42 7 64 92 59 23 68 22 37 14 9 81 57 11 
39
10
48 22 59 36 92 77 72 58 95 37 
10
31
31 29 43 66 62 19 85 41 56 42 70 90 37 4 70 7 26 50 75 8 31 33 22 47 11 48 45 47 8 18 50 
28
38
61 31 93 84 97 87 83 1 17 97 5 75 32 62 17 83 34 41 63 1 73 62 14 31 5 90 22 77 88 31 67 92 40 33 63 56 19 54 
12
53
5 61 50 85 34 31 92 75 54 25 47 2 62 40 60 66 62 16 48 4 55 37 88 92 87 46 19 19 1 49 95 43 35 78 64 96 75 47 35 19 98 25 61 98 18 26 61 63 77 32 28 36 74 
3
66
87 40 100 10 5 23 35 100 59 55 17 11 90 84 88 3 38 90 6 4 71 99 40 80 94 97 13 90 34 93 1 36 37 4 78 87 61 88 28 37 36 81 78 84 80 22 37 55 17 61 31 82 68 75 10 28 66 34 85 98 60 29 38 28 73 33 
40
23
94 8 64 32 86 90 96 30 7 66 21 35 83 38 17 40 52 23 57 46 59 57 45 
22
96
72 16 48 93 28 99 40 46 5 4 41 48 28 63 96 78 23 58 68 12 57 23 11 88 45 10 11 89 19 97 46 83 9 93 100 83 76 10 8 84 46 52 74 61 44 84 3 11 73 42 94 61 14 52 7 55 14 38 76 94 7 15 54 87 75 75 20 60 94 94 8 31 2 7 40 66 50 51 49 16 24 45 14 22 21 88 15 80 43 12 23 49 7 34 48 90 
26
36
46 39 13 81 64 8 28 37 16 32 10 46 32 100 9 49 72 6 3 53 31 94 80 95 50 2 10 64 28 5 50 47 4 28 83 3 
31
7
69 73 48 2 46 65 97 
7
95
97 57 48 16 88 19 21 25 47 79 38 29 28 29 17 78 70 26 46 98 90 31 76 93 40 66 73 75 76 12 5 20 77 29 40 83 63 85 84 81 65 87 65 50 29 3 51 45 24 87 70 54 87 9 74 52 97 35 93 69 88 68 94 60 25 70 84 66 9 88 42 16 41 70 26 4 34 34 57 65 17 74 100 27 99 88 81 57 18 26 86 42 58 2 84 
16
55
67 77 54 78 69 47 63 52 21 41 63 96 76 33 28 82 71 55 72 69 42 91 92 84 10 4 57 13 48 80 27 9 8 14 81 22 4 31 38 69 43 63 66 83 10 60 31 47 78 91 62 62 21 100 41 
7
78
2 64 9 10 30 6 49 12 23 66 3 88 15 84 92 81 71 63 52 36 71 24 27 48 46 32 95 41 34 47 4 91 36 58 99 59 100 9 50 84 18 83 28 40 40 41 11 78 80 91 31 83 38 88 40 55 5 64 78 6 94 96 11 51 89 66 40 64 76 19 34 89 82 49 3 32 32 40 
75
68
80 71 38 42 94 35 52 82 1 89 85 45 26 21 44 93 23 58 20 33 94 60 25 55 74 40 19 45 82 25 2 68 98 29 18 35 68 38 39 34 26 17 49 87 18 36 91 10 50 78 7 96 92 37 29 2 59 37 57 51 59 95 9 32 83 44 5 96 
36
75
88 82 82 89 84 48 26 94 64 98 38 11 25 95 91 99 37 92 64 88 23 16 41 75 84 93 25 25 16 85 95 9 3 26 43 59 30 52 18 65 78 27 31 61 61 16 95 25 57 11 60 2 8 34 77 9 63 56 84 2 62 26 13 90 59 86 54 94 20 76 44 48 45 38 99 
50
85
36 19 39 68 64 71 64 65 79 70 84 65 3 62 54 87 65 35 79 60 13 48 7 81 13 36 100 99 63 18 34 6 95 47 51 100 11 100 77 22 88 87 68 27 28 83 55 34 61 66 98 35 34 89 9 51 69 32 96 46 71 65 98 47 97 2 15 37 13 90 29 13 67 94 84 65 94 9 46 31 96 78 7 58 16 
36
89
24 81 17 8 35 42 46 5 48 36 59 22 49 11 2 85 36 18 15 6 62 20 76 34 10 13 27 5 85 51 69 15 22 58 98 12 58 59 45 28 91 42 65 12 47 31 24 3 36 99 18 74 74 85 60 14 42 73 92 55 23 78 41 68 91 50 4 25 72 34 99 98 52 59 98 10 60 9 2 72 14 1 19 42 74 68 60 18 3 
44
43
39 26 19 90 92 19 41 2 56 52 48 100 63 78 40 40 93 42 44 93 85 57 55 25 46 4 99 15 85 62 35 24 25 8 44 73 75 83 68 48 91 58 29 
7
79
91 76 85 77 2 73 51 27 99 65 86 100 68 49 36 61 97 79 84 79 85 62 65 52 18 63 61 1 39 43 44 13 8 40 64 28 59 81 31 90 2 58 83 15 40 37 77 22 32 49 5 80 46 34 84 32 17 21 11 74 52 19 87 86 1 68 100 6 18 19 21 17 65 70 37 42 99 61 12 
17
7
21 69 80 42 17 26 60 
3
94
53 69 16 90 49 27 68 51 86 23 80 62 96 68 58 49 44 45 95 60 58 60 47 85 54 75 5 25 42 84 83 7 64 1 79 72 66 60 37 66 88 32 70 85 4 11 74 84 33 94 28 97 5 88 12 90 46 5 91 20 28 70 14 6 21 49 24 51 49 16 91 19 71 43 90 68 67 39 22 66 52 83 65 66 83 26 5 96 79 84 44 27 41 24 
92
22
94 84 86 13 67 66 20 26 56 62 99 17 17 11 25 61 75 76 72 27 46 12 
11
72
5 47 90 76 51 50 4 53 72 31 2 83 41 84 2 7 98 48 21 24 50 19 58 23 40 77 77 66 89 75 67 94 81 30 57 63 100 25 55 15 7 48 88 2 71 29 96 11 84 10 72 40 7 78 7 20 7 26 58 76 82 32 16 99 84 65 12 44 5 7 93 49 
62
37
34 17 88 57 78 70 68 14 14 76 82 46 48 90 41 16 49 67 33 12 5 31 55 12 35 46 70 62 80 7 30 62 29 10 26 55 86 
25
23
23 40 37 52 61 57 22 22 36 79 99 77 3 69 36 65 5 3 10 33 20 15 42 
4
36
8 35 24 6 99 37 5 64 69 68 33 11 43 64 83 46 35 43 90 24 56 73 100 32 16 56 35 50 83 28 15 64 30 99 51 65 
14
96
88 11 88 34 63 25 7 50 63 70 44 62 22 24 43 50 82 33 32 70 13 66 19 99 83 87 69 50 56 81 96 85 60 100 96 21 8 86 22 56 98 10 85 20 63 5 75 84 11 27 38 22 17 59 11 19 41 89 44 1 42 20 85 47 92 69 91 67 90 79 43 84 26 100 30 19 30 68 26 92 25 61 42 4 59 48 16 77 1 65 66 79 67 36 13 22 
12
25
70 10 51 50 39 64 23 67 96 51 79 87 91 98 95 89 91 95 76 56 5 2 17 1 9 
24
72
48 92 80 14 13 64 70 24 5 52 84 63 31 40 89 44 7 100 75 38 73 9 53 29 22 36 8 55 80 12 30 21 58 54 60 77 65 85 46 49 19 79 49 1 23 63 93 97 66 55 2 62 5 72 29 17 22 46 60 89 16 100 78 91 77 14 53 24 4 16 47 99 
60
82
61 86 29 51 39 38 43 99 53 26 60 91 5 26 28 77 71 22 11 35 71 62 95 37 96 1 23 6 47 36 72 13 21 90 61 34 87 7 31 99 9 37 73 37 61 91 85 15 15 37 35 86 60 42 58 47 98 76 74 7 55 96 27 86 64 72 51 71 55 21 35 65 96 58 40 81 64 98 16 64 74 64 
29
32
13 22 84 48 90 72 77 22 24 93 82 46 10 60 69 64 36 37 94 84 43 58 40 57 84 98 50 41 5 82 68 75 
9
50
95 81 97 17 60 93 76 48 1 86 50 61 70 90 26 41 28 93 73 69 91 61 32 48 75 96 31 37 55 11 88 21 79 95 42 22 24 100 55 51 43 75 46 97 64 66 84 57 13 56 
6
83
23 64 29 89 21 58 63 90 65 78 27 24 74 54 64 86 28 89 1 38 58 18 66 64 7 32 18 87 78 91 24 63 79 57 89 30 60 4 40 90 23 69 27 70 79 59 72 24 5 35 61 98 97 40 38 12 24 66 90 74 26 98 82 88 41 14 43 74 37 56 97 71 41 52 41 79 90 4 18 20 1 13 5 
6
64
89 29 63 54 13 54 91 85 31 44 17 82 89 69 56 22 1 61 72 75 20 36 77 57 48 97 4 34 9 89 81 64 76 53 36 16 54 11 47 76 83 70 77 42 31 65 18 93 35 65 86 8 61 68 20 76 23 67 56 88 45 25 58 19 
17
100
15 8 87 95 33 16 3 58 84 25 26 36 99 34 36 94 31 56 60 75 46 89 52 7 35 23 39 88 6 67 69 91 29 23 41 78 80 37 30 7 78 32 66 7 52 72 57 53 48 1 22 1 51 29 10 82 33 14 79 41 53 5 37 63 59 95 7 11 46 38 64 100 94 3 38 67 93 22 48 59 21 48 19 39 85 77 93 48 49 15 33 86 44 63 7 67 79 71 6 74 
30
52
51 21 51 100 47 30 67 72 1 58 27 7 66 5 81 43 24 74 97 46 74 48 22 91 54 5 11 100 70 66 12 42 98 88 63 8 51 27 42 88 19 71 3 99 14 32 3 84 79 95 33 8 
21
71
33 73 35 85 10 59 55 11 10 39 11 18 88 53 34 20 27 36 13 60 50 90 83 93 24 32 38 79 4 20 9 44 62 74 95 95 74 94 78 93 73 74 63 10 88 62 97 46 18 44 24 20 48 48 1 48 20 58 60 34 34 84 8 62 82 3 3 19 79 88 73 
9
91
53 77 58 21 34 72 73 65 76 64 2 8 25 82 10 3 58 89 28 21 71 37 97 43 6 10 58 38 62 84 73 31 61 47 92 57 43 70 1 66 38 90 50 41 60 27 47 65 60 77 39 67 38 31 99 73 81 29 92 86 87 72 86 5 82 72 33 19 60 43 67 87 5 97 72 56 19 40 2 55 64 36 29 32 63 34 31 11 20 42 56 
79
36
51 10 50 43 21 85 48 11 79 91 5 79 43 33 83 46 86 36 80 96 17 47 10 8 8 12 65 77 40 49 70 40 50 5 49 92 
10
47
94 44 20 40 78 64 86 75 18 46 57 2 30 98 8 47 37 11 59 1 90 57 72 65 93 8 1 16 61 94 93 37 32 39 100 16 37 71 65 55 96 96 72 43 26 39 66 
20
18
98 93 99 97 37 34 43 19 19 45 86 88 52 38 82 5 26 18 
14
9
49 86 16 88 71 6 7 98 44 
6
79
62 18 98 73 84 99 76 55 32 83 71 82 62 57 57 75 82 40 27 56 43 36 48 84 24 7 30 100 83 62 64 30 2 10 48 10 91 8 32 6 67 6 80 64 57 60 14 3 59 98 51 65 17 40 85 77 38 79 92 52 50 46 33 29 55 93 28 98 83 92 81 66 75 85 65 60 26 70 52 
64
69
95 30 48 91 44 41 56 39 10 10 16 53 65 55 13 73 73 96 21 55 68 27 29 1 28 26 78 66 74 35 10 18 36 83 11 49 30 61 91 13 3 100 90 3 39 87 97 93 87 59 95 64 76 11 88 100 96 5 40 1 91 10 69 64 82 5 63 36 41 
8
53
40 98 21 60 68 2 40 76 9 66 77 13 86 52 40 43 64 77 47 40 1 39 100 25 96 27 80 78 28 52 30 27 42 53 50 74 100 80 76 46 83 19 96 27 95 14 47 35 89 78 87 28 13 
18
16
67 54 2 28 87 26 79 92 70 58 53 81 36 84 10 35 
10
71
52 99 48 73 83 74 95 55 45 60 18 29 12 84 74 68 95 66 90 73 7 6 63 38 42 49 30 15 68 89 85 68 3 87 78 38 20 77 30 37 8 35 24 71 83 42 94 28 9 6 98 2 41 36 13 63 79 76 62 95 37 17 31 4 4 88 54 1 96 63 26 
26
53
82 16 2 96 92 61 69 32 71 98 1 92 47 66 99 18 46 36 59 82 8 47 29 74 79 33 51 84 47 78 48 3 50 4 67 39 36 33 92 39 35 43 6 72 72 57 60 22 6 47 27 70 84 
45
52
29 47 93 55 72 31 48 35 63 87 47 54 64 7 48 1 22 92 65 24 29 11 71 15 89 86 3 77 99 58 67 85 22 68 57 94 6 19 44 44 44 67 89 82 33 39 17 69 35 49 17 76 
1
54
38 98 8 46 71 46 63 3 94 37 5 7 48 18 59 42 25 42 37 58 15 13 89 48 31 31 75 39 39 62 94 13 55 68 49 57 50 56 32 61 60 100 17 55 68 28 18 21 33 67 11 5 34 89 
32
58
1 99 78 72 42 59 82 13 24 70 62 92 64 61 66 65 6 89 100 77 97 82 6 50 49 22 33 41 91 97 69 21 19 99 50 92 33 37 43 70 22 38 13 52 85 27 49 92 96 86 34 98 22 23 18 1 70 79 
5
27
98 55 2 8 44 45 14 76 44 6 7 19 95 16 42 16 80 25 51 40 13 29 5 2 91 43 89 
16
22
15 53 96 94 22 61 73 14 20 87 50 4 81 39 61 74 4 40 14 80 65 10 
7
86
4 88 65 86 57 90 80 73 69 90 73 26 42 71 80 85 98 82 31 29 79 42 26 22 29 63 24 79 39 44 26 35 82 63 11 32 12 39 71 19 33 64 52 64 1 3 42 88 83 31 92 32 37 85 78 95 46 60 95 52 98 88 3 50 67 54 89 18 20 43 4 36 54 92 49 27 17 18 81 21 75 41 58 67 55 58 
23
47
55 31 1 3 55 49 6 90 77 92 77 54 12 69 41 96 73 28 59 46 51 44 17 58 61 64 22 93 65 49 78 26 53 8 6 37 6 99 61 5 45 3 16 46 20 29 98 
1
83
59 44 48 47 72 88 87 28 1 84 64 25 51 4 48 99 64 71 55 81 77 99 84 51 20 62 99 84 4 27 38 12 28 43 64 92 76 84 70 8 30 24 44 40 90 37 41 19 45 71 75 23 32 10 35 69 25 65 45 81 78 22 49 38 72 5 60 6 67 10 32 42 51 91 45 2 78 90 44 24 26 48 78 
68
78
15 78 52 7 76 94 87 9 51 51 15 98 56 100 54 57 82 71 67 66 21 95 62 92 4 31 55 93 80 81 44 77 73 73 30 58 76 14 52 21 17 59 41 74 80 28 81 67 33 98 39 81 76 26 20 78 15 46 58 51 85 30 82 60 5 71 41 78 29 30 9 17 42 41 35 52 33 75 
61
44
57 94 68 29 18 91 51 84 52 78 82 56 42 27 27 51 44 82 85 19 65 56 5 23 68 2 53 6 76 95 69 99 73 100 86 20 97 1 41 7 59 48 96 73 
16
68
72 32 16 79 99 46 81 43 59 55 97 88 19 10 40 23 20 7 14 29 37 22 66 90 59 77 34 32 42 55 38 19 93 27 38 24 62 27 77 58 40 8 46 14 82 25 10 57 83 76 38 1 93 55 30 10 53 60 8 3 3 54 99 15 6 16 45 12 
16
47
1 87 79 74 31 24 8 26 34 70 53 86 71 5 93 25 6 40 66 87 33 96 100 52 76 76 34 63 46 50 57 36 39 62 92 87 71 70 80 40 63 41 58 29 69 90 15 
31
25
27 80 5 6 3 16 14 78 55 12 85 92 51 38 55 13 15 43 80 29 16 43 19 9 15 
18
89
9 69 57 23 27 55 86 61 16 93 42 78 41 8 11 30 88 67 45 61 14 52 25 87 59 69 52 35 33 86 50 31 2 63 61 49 43 30 78 4 10 53 49 54 29 95 89 90 11 28 92 33 55 58 62 55 1 38 66 99 54 5 94 35 32 60 50 32 20 98 70 12 91 55 84 64 51 93 63 37 66 24 77 6 52 25 45 82 78 
8
56
2 88 17 39 31 18 1 94 46 39 83 42 49 38 53 95 90 17 51 12 84 63 2 63 36 29 3 86 91 36 54 26 93 5 15 65 82 11 93 100 28 25 55 9 41 53 95 73 66 7 55 3 66 17 87 84 
51
48
75 98 15 98 63 100 64 19 26 35 76 96 45 31 76 89 15 11 84 29 74 29 77 70 26 37 55 75 38 65 57 56 67 5 18 51 94 79 77 97 23 60 52 44 31 42 78 93 
8
40
68 44 87 88 96 50 43 29 92 66 17 83 83 83 66 72 31 50 60 64 6 93 52 82 44 67 76 51 59 50 95 66 37 88 37 12 39 30 87 2 
20
84
89 43 44 27 80 59 26 50 31 90 4 16 94 89 59 9 68 25 62 31 49 36 60 2 44 46 47 10 11 20 17 80 48 79 24 96 11 4 3 71 63 82 3 7 52 54 68 64 94 98 45 17 13 37 44 49 91 93 96 5 42 30 7 97 67 85 36 58 62 32 3 72 60 42 29 57 53 96 38 11 4 10 8 60 
71
37
57 14 93 6 24 64 93 44 96 18 67 66 55 22 56 80 59 65 47 57 49 40 87 68 69 81 95 78 44 77 56 5 84 19 90 15 94 
9
22
33 80 42 25 19 86 42 99 62 54 45 79 34 39 73 64 68 75 43 25 79 15 
15
88
14 4 72 61 68 70 83 81 58 64 89 90 33 48 49 49 41 16 51 73 60 82 5 97 79 78 21 48 71 52 55 89 4 98 37 73 12 31 93 46 16 69 22 37 20 91 3 24 42 35 44 62 85 82 28 10 31 31 32 79 32 83 56 40 15 75 25 45 79 96 90 6 15 68 3 40 65 33 74 25 81 1 19 75 35 14 8 76 
76
70
51 77 26 81 73 28 27 26 22 42 19 86 41 27 77 46 65 71 9 22 48 92 22 76 36 42 40 92 52 70 58 75 99 58 95 42 6 15 32 3 29 93 36 6 13 15 62 89 20 27 48 26 54 81 57 81 80 28 100 61 92 56 40 86 56 34 71 85 2 24 
18
30
34 36 71 48 79 19 15 87 81 74 61 48 21 63 14 15 41 85 67 20 94 96 74 8 5 72 21 78 17 59 
8
14
6 84 89 30 34 46 47 77 12 26 69 59 58 55 
13
95
23 34 54 67 98 81 36 70 90 81 10 90 14 38 15 15 18 17 8 44 51 13 29 96 12 43 4 67 57 73 93 22 79 71 68 64 75 93 51 92 11 27 93 65 72 66 17 32 92 3 42 47 48 12 21 73 8 54 23 3 23 5 55 76 65 96 75 37 15 87 28 88 32 67 30 22 36 19 79 81 65 40 76 63 89 11 21 35 88 7 25 34 32 19 4 
27
30
70 77 91 38 97 21 82 25 9 28 86 80 61 99 47 91 23 61 17 9 73 40 42 50 46 13 2 5 85 14 
26
9
96 27 60 31 77 23 61 34 4 
1
36
3 83 68 25 57 37 34 92 61 4 2 51 78 6 70 88 19 33 58 56 71 23 63 70 6 52 72 46 61 55 80 70 39 70 35 7 
12
78
70 8 90 20 70 98 46 39 58 98 33 25 89 39 80 77 63 41 91 5 91 91 82 51 93 33 10 90 7 81 30 91 51 36 30 49 94 8 44 65 51 81 42 61 45 43 58 17 35 99 34 87 52 3 86 34 41 14 83 7 63 62 16 44 63 23 32 47 89 33 27 44 87 60 60 7 81 29 
9
19
24 28 46 48 63 93 41 84 47 13 68 24 98 47 18 17 16 52 6 
10
36
10 94 77 46 5 24 44 27 73 52 65 45 32 57 99 77 44 78 28 49 12 35 46 96 91 75 21 98 27 99 36 92 46 91 29 52 
5
24
47 67 61 65 5 47 38 7 90 36 16 13 81 15 77 54 70 19 13 11 40 37 75 94 
8
72
30 35 78 4 23 46 90 48 5 83 83 91 9 52 25 29 62 78 5 85 84 63 2 30 27 22 2 6 80 31 27 89 69 66 93 25 60 81 69 8 80 1 31 66 91 2 92 79 79 91 96 39 70 64 92 33 90 7 70 43 44 55 23 79 43 26 26 46 92 98 58 35 
71
7
71 19 82 83 24 60 81 
3
99
81 7 34 7 45 88 4 60 95 62 94 4 14 98 58 46 4 22 91 84 47 94 27 49 17 29 21 80 30 95 7 40 64 5 71 12 87 36 66 84 92 35 53 32 55 48 32 80 72 98 30 33 100 43 40 86 28 45 57 56 97 84 91 91 21 37 62 91 6 5 56 20 46 98 39 69 26 19 2 90 14 55 40 72 18 5 52 63 35 54 78 16 5 98 89 56 39 90 72 
84
20
84 62 2 70 83 10 23 19 100 76 74 60 76 8 6 47 88 47 24 69 
13
82
54 45 41 74 83 44 42 65 57 70 49 52 41 26 94 49 19 12 36 21 90 11 83 9 54 42 41 40 6 67 48 59 77 97 73 14 100 20 59 44 82 49 74 36 65 95 17 61 97 23 35 92 3 70 47 65 50 68 68 60 97 56 90 9 11 88 34 11 79 48 27 19 63 86 58 64 91 81 56 97 28 87 
2
77
61 88 27 23 74 36 76 59 15 65 6 74 37 82 86 61 18 72 97 98 66 6 77 49 15 22 83 3 68 52 2 79 94 49 38 57 100 55 33 47 13 60 20 98 51 93 92 50 60 92 65 6 94 99 66 8 30 47 25 95 23 5 43 18 38 71 31 4 77 15 65 42 10 98 63 15 42 
16
12
62 23 75 70 29 68 8 23 37 71 42 72 
7
47
24 88 55 85 33 14 12 30 95 72 64 49 18 89 61 9 14 13 22 67 100 23 75 48 54 35 2 81 49 4 52 59 53 89 43 58 31 89 26 87 92 69 33 74 47 20 6 
41
62
47 57 76 22 55 73 69 75 35 62 8 89 52 100 4 99 47 7 8 51 9 88 31 78 50 8 36 35 19 21 11 95 94 90 74 64 92 87 7 98 77 15 15 7 81 22 5 60 1 44 40 79 76 68 82 83 84 42 27 15 77 56 
60
44
72 48 60 31 62 58 73 31 47 66 34 44 94 52 71 76 30 49 63 25 48 20 91 100 28 67 31 86 42 61 51 73 60 6 69 49 13 73 20 84 85 25 25 36 
29
61
14 100 99 66 60 77 77 63 76 14 69 100 9 26 56 14 4 99 44 49 62 37 70 56 91 10 43 25 72 34 99 97 98 2 9 68 94 78 78 81 70 63 93 77 99 21 28 83 69 80 91 62 33 91 6 86 78 75 62 69 4 
31
13
74 6 91 91 56 28 32 10 57 98 16 73 11 
7
33
30 18 25 63 45 42 49 3 48 39 16 52 78 100 33 35 27 55 41 69 9 86 75 31 97 27 81 81 89 74 90 65 12 
18
31
46 51 43 13 4 98 55 94 42 48 96 27 68 37 82 44 2 1 20 72 8 60 58 65 36 66 4 72 5 54 54 
13
67
4 31 48 23 88 31 100 14 7 91 98 82 27 25 40 23 35 4 79 14 83 55 68 83 43 43 17 24 26 64 95 6 17 82 8 84 53 36 81 76 46 20 24 12 76 57 13 56 96 71 8 24 2 91 63 35 63 89 24 60 92 4 72 42 25 90 21 
13
35
58 35 68 16 91 92 65 61 46 96 64 98 63 63 62 17 57 79 15 92 80 32 88 22 77 16 98 3 10 41 10 96 66 28 82 
20
79
63 15 84 88 98 29 16 88 25 58 33 50 28 93 57 6 100 40 42 3 60 35 16 21 45 52 98 7 29 5 49 41 68 32 36 45 47 48 48 92 43 21 18 69 54 41 14 36 10 32 2 85 95 68 93 14 38 47 46 18 81 89 98 74 25 21 74 29 62 60 99 65 61 50 98 52 18 13 41 
65
100
27 70 89 43 98 19 7 92 18 9 74 86 41 34 76 80 99 31 91 49 94 95 63 70 52 65 27 93 53 54 76 20 20 50 61 74 76 66 84 9 50 40 51 21 48 40 41 81 90 47 53 24 47 14 65 79 6 19 91 96 23 44 81 10 45 32 59 35 94 33 60 4 56 25 20 80 16 12 86 63 47 25 51 55 83 46 45 15 33 29 18 39 65 51 27 8 10 55 13 11 
94
29
70 22 68 64 65 38 40 30 89 74 100 15 8 38 55 83 75 48 2 23 88 7 78 51 62 80 60 6 18 
2
10
48 82 71 50 66 23 40 99 68 65 
2
29
23 37 89 63 24 54 39 61 100 37 59 25 72 39 74 56 39 35 52 13 29 36 86 43 79 54 15 75 20 
17
95
49 36 63 69 18 14 56 18 85 70 46 56 66 37 24 3 88 19 37 51 36 69 11 13 29 40 32 21 93 56 66 57 59 88 67 27 52 2 10 78 58 15 37 14 12 32 29 49 8 91 62 20 45 13 10 25 21 51 60 2 96 98 77 61 62 35 68 74 39 28 99 3 75 81 6 83 8 93 68 94 92 75 3 84 4 46 78 54 77 77 18 87 35 27 51 
44
50
66 13 76 44 32 88 17 71 86 80 46 40 27 41 74 21 88 20 83 26 21 38 57 45 78 24 96 86 12 8 93 91 35 6 78 100 87 76 55 73 66 94 47 65 52 43 64 92 84 74 
2
63
2 59 2 27 52 30 87 100 61 49 20 70 16 54 49 6 66 71 68 79 29 97 48 65 63 96 78 54 28 86 38 17 37 40 76 68 17 39 17 65 2 5 96 17 88 42 53 56 20 95 42 60 53 80 100 35 23 5 4 63 88 29 71 
54
61
29 26 73 12 46 33 5 89 5 90 87 39 31 45 85 92 5 50 91 91 34 50 83 80 45 57 72 56 33 86 12 6 59 22 48 17 6 89 97 26 69 33 57 99 81 95 47 53 50 28 1 15 27 66 64 11 65 59 39 92 25 
60
85
71 13 37 67 9 27 81 13 26 34 18 47 100 100 28 12 59 47 68 54 78 10 91 36 84 24 49 56 93 88 13 38 69 15 67 58 39 86 17 92 87 95 9 65 55 18 4 95 39 80 51 49 100 47 19 42 54 46 8 17 89 48 14 2 45 42 63 24 26 71 3 33 97 76 93 84 65 84 4 3 4 27 89 53 84 
58
99
15 73 5 17 96 62 84 67 56 87 63 91 82 92 50 63 11 64 28 43 34 55 92 61 11 83 15 2 47 54 51 62 11 42 33 39 61 92 65 53 21 78 5 26 28 4 63 73 26 68 47 11 27 24 27 99 62 82 92 18 14 19 26 71 63 66 51 22 4 21 12 33 70 69 39 57 26 57 37 30 65 39 19 50 2 35 41 7 93 70 33 98 33 58 6 4 65 54 29 
32
8
57 82 25 66 76 99 27 29 
6
35
39 5 68 93 52 97 18 48 35 85 91 64 83 12 38 37 50 77 31 67 7 11 85 78 17 25 3 17 93 14 16 4 31 23 25 
26
23
50 1 52 18 37 97 15 69 40 48 84 40 56 80 5 36 51 17 90 98 3 89 88 
4
54
68 2 2 44 23 43 57 15 71 91 15 66 6 94 6 66 66 33 99 13 11 55 68 69 59 51 19 10 81 61 67 95 79 80 76 11 92 7 91 13 52 15 88 33 95 92 26 1 46 19 26 94 50 58 
22
82
6 24 75 48 35 52 73 96 82 45 98 74 83 64 9 2 15 82 93 93 2 10 86 49 30 85 88 86 57 67 38 63 62 17 14 68 31 81 68 46 15 19 45 17 99 99 33 75 10 79 4 70 65 6 47 55 89 58 59 51 65 58 65 55 87 14 72 65 31 40 89 41 72 36 72 91 47 9 8 83 20 78 
47
59
82 77 73 89 84 56 64 79 51 57 62 2 60 37 29 88 41 80 82 74 78 54 68 94 19 42 22 79 49 1 25 42 98 56 53 44 56 14 58 68 23 5 27 10 83 36 97 76 18 26 42 48 93 2 57 57 95 75 50 
55
25
24 7 55 10 44 51 70 39 47 31 38 39 35 77 32 91 95 22 20 88 15 71 19 35 46 
1
67
71 1 21 25 23 100 58 48 8 56 83 21 98 20 35 52 47 82 26 73 3 70 26 55 94 60 72 62 30 81 54 4 14 56 9 73 49 5 29 90 33 1 12 38 91 60 33 82 53 19 90 33 91 52 59 68 69 42 52 59 93 45 10 23 42 61 56 
50
93
14 41 96 61 84 75 50 62 81 80 83 12 8 19 57 71 49 85 38 36 21 65 17 23 69 8 36 26 93 9 82 52 98 79 75 14 31 35 3 49 42 25 3 44 90 53 26 27 1 91 99 26 76 72 10 32 36 39 35 20 81 94 56 56 48 16 6 97 40 47 13 25 28 36 15 77 88 100 65 53 13 23 25 32 70 27 40 96 79 88 34 16 28 
5
93
30 25 56 38 57 61 66 43 61 47 55 71 10 44 45 74 24 19 37 45 75 40 90 32 28 96 99 44 22 53 24 65 73 30 10 15 67 95 66 8 15 71 76 83 10 72 77 94 87 64 94 81 9 7 64 49 84 90 63 58 64 61 62 99 63 7 85 25 38 20 94 3 45 82 45 33 22 44 48 86 88 20 57 7 35 19 54 31 83 43 38 77 18 
42
34
69 96 64 12 77 53 46 38 56 47 54 86 100 16 1 51 41 10 17 34 40 59 16 58 63 63 1 82 49 66 98 33 19 35 
7
90
100 30 87 31 5 17 61 60 21 52 77 27 19 43 7 31 53 56 16 76 63 53 95 23 43 66 63 79 11 98 80 53 68 1 68 75 4 44 3 36 67 68 66 94 1 83 52 39 9 71 28 48 100 77 84 49 35 68 5 34 95 64 39 74 50 32 47 88 47 17 62 97 53 2 1 5 82 50 30 41 28 44 98 14 34 78 19 20 37 33 
1
84
8 1 94 80 88 47 70 81 25 70 84 64 70 31 61 27 72 28 73 44 71 54 66 6 83 67 39 8 31 93 64 27 98 30 3 1 91 99 44 55 4 39 79 55 37 35 5 46 39 41 31 43 54 95 58 50 8 5 85 65 46 27 91 94 63 2 54 40 66 46 44 27 25 56 55 53 86 94 30 97 61 45 54 99 
73
71
2 15 39 97 45 11 44 66 26 93 33 6 61 69 66 68 33 78 37 58 71 16 70 98 55 25 14 46 4 51 32 17 63 65 6 22 20 50 48 24 62 71 60 3 95 52 63 100 20 29 44 28 18 4 88 95 27 58 81 48 95 48 99 57 10 51 10 84 14 7 76 
34
60
15 41 81 25 90 51 89 33 38 90 58 21 27 48 52 55 17 89 20 47 11 48 64 5 20 12 84 58 97 19 97 88 63 69 39 95 90 71 85 21 26 59 36 72 24 44 51 66 45 63 92 78 10 36 64 18 55 47 26 45 
7
30
55 6 53 1 92 24 67 59 48 82 26 100 62 83 69 64 2 92 65 14 73 12 81 72 58 62 33 72 39 100 
11
37
45 46 86 54 4 27 58 22 82 14 59 86 83 67 94 22 86 74 57 48 97 15 52 13 72 61 15 20 30 73 90 97 97 39 22 31 49 
23
76
40 100 89 29 91 59 42 45 13 23 97 66 3 93 59 9 66 23 41 56 2 58 58 87 69 17 62 99 67 84 8 70 87 2 61 50 89 50 59 54 95 59 45 30 2 80 5 72 37 26 38 43 16 39 29 31 91 98 7 73 99 67 62 37 87 94 87 97 86 30 60 50 95 88 90 42 
33
84
14 11 84 9 41 57 90 65 16 29 8 45 73 88 62 80 60 28 82 16 79 77 74 26 58 78 41 91 93 20 8 82 85 74 10 64 57 56 48 62 88 30 20 29 93 68 16 91 27 2 38 5 84 31 6 80 37 56 18 100 41 24 95 81 15 48 75 20 98 92 97 61 78 91 43 68 73 36 89 37 53 97 67 82 
71
57
100 38 87 51 48 94 4 78 78 98 84 45 31 40 96 47 51 1 21 65 7 31 67 59 49 27 89 23 79 57 22 55 71 63 56 84 100 13 18 28 95 91 69 7 88 46 44 91 61 55 24 19 75 65 70 10 2 
44
70
88 55 72 53 15 79 76 30 52 17 100 92 27 52 99 77 40 99 61 55 72 91 79 56 72 87 49 38 67 14 65 63 38 48 55 23 98 10 13 40 87 75 68 41 33 61 13 6 75 73 88 56 28 100 90 63 60 25 77 36 30 59 18 47 33 9 6 70 75 78 
15
90
27 64 89 47 45 99 69 34 51 16 4 2 22 66 68 19 28 12 56 6 60 89 12 2 43 36 11 49 69 55 68 8 25 94 14 37 57 92 69 29 21 87 86 13 5 18 76 84 40 28 41 64 54 31 12 39 65 50 73 85 30 23 78 36 70 25 13 94 38 25 26 81 91 93 55 37 2 9 18 1 25 54 83 19 31 10 21 46 74 93 
66
51
37 52 2 23 45 26 42 90 40 76 32 69 72 94 50 44 26 2 11 11 38 42 14 19 54 96 68 63 93 57 61 61 19 4 98 63 100 56 32 43 23 74 53 44 70 49 28 36 12 90 86 
50
54
8 45 22 74 77 12 80 86 29 56 16 8 61 51 46 58 68 9 99 17 88 51 39 91 70 83 87 80 32 15 54 69 50 2 90 93 51 78 58 83 72 89 33 9 76 9 41 39 41 34 41 100 31 26 
5
77
17 99 8 22 22 61 73 68 94 74 11 65 57 9 83 26 18 61 38 4 57 44 94 17 39 69 24 1 97 86 85 58 5 16 37 14 79 54 66 60 61 92 45 5 10 52 34 37 1 29 58 72 63 45 68 92 90 69 29 36 23 41 70 47 46 33 50 52 63 93 6 85 61 39 90 39 86 
48
85
17 1 15 53 41 37 27 87 97 91 98 47 57 67 28 41 42 7 28 3 14 12 71 93 25 15 73 84 71 9 38 26 66 22 42 67 63 58 72 24 22 44 73 90 39 26 46 89 57 4 9 95 48 15 26 47 44 92 83 19 70 76 76 15 31 89 92 2 8 21 92 3 70 8 27 19 81 61 34 81 86 6 83 58 83 
82
18
27 51 86 70 91 98 7 56 48 75 79 96 22 97 34 17 27 31 
15
5
7 40 66 62 42 
5
82
54 70 64 35 17 71 94 4 46 68 45 11 43 60 73 66 40 79 43 55 8 35 87 11 63 17 81 44 51 71 82 54 50 96 17 3 62 62 69 86 70 87 99 91 25 46 35 97 3 65 30 39 97 80 36 17 49 14 66 23 18 74 5 94 65 48 35 32 74 26 67 51 94 74 44 58 65 13 52 92 16 88 
9
20
48 37 50 57 25 95 52 86 46 26 49 31 36 79 88 5 54 43 34 64 
10
87
70 81 89 51 66 73 45 75 34 1 47 29 48 4 87 48 25 33 76 56 52 88 40 97 60 71 76 94 61 31 46 90 21 63 86 31 66 9 5 95 86 13 15 84 100 50 67 36 54 65 32 59 9 47 14 98 15 86 18 23 4 16 3 46 64 30 47 31 10 91 96 17 76 36 46 14 52 43 84 4 75 92 59 33 5 38 7 
34
78
79 7 36 16 86 5 39 78 59 17 82 74 37 58 80 25 90 72 20 84 37 5 10 93 70 99 37 72 48 49 20 49 41 100 13 18 81 75 18 76 25 80 45 16 13 60 99 97 43 47 23 81 79 40 87 13 58 80 80 71 58 50 100 42 45 81 53 89 5 84 69 46 69 66 5 80 85 11 
70
49
32 68 15 41 12 52 22 96 4 40 31 5 11 26 41 46 81 89 38 75 49 79 8 18 98 81 98 11 93 91 22 92 17 6 44 97 8 9 66 43 56 70 54 51 96 40 65 8 25 
34
34
37 29 36 4 61 6 67 58 6 51 18 94 13 63 72 16 76 24 39 67 92 90 81 72 18 58 80 45 49 31 46 88 9 62 
13
26
95 21 82 91 82 73 27 36 81 41 7 22 70 81 31 26 60 79 5 50 30 42 58 26 1 44 
8
6
93 53 78 98 42 78 
1
74
73 24 81 35 3 56 93 99 42 74 45 84 88 69 7 5 37 51 25 52 64 42 36 71 71 18 96 27 87 14 80 75 53 90 11 90 96 99 93 5 53 2 59 24 27 94 36 48 47 33 29 42 100 100 40 90 45 27 24 89 74 92 51 9 80 86 72 84 92 30 14 26 14 24 
22
12
46 7 90 37 86 98 79 71 38 85 51 68 
1
74
68 94 24 46 68 5 66 76 29 88 54 74 93 5 63 38 87 35 54 42 15 72 78 50 48 89 15 67 15 70 10 65 12 50 79 55 78 6 78 22 67 90 32 56 17 95 68 94 53 24 65 97 20 96 61 56 93 57 37 61 40 84 21 46 47 61 66 39 64 94 54 64 28 41 
26
52
52 43 56 17 78 16 72 43 26 41 11 27 5 13 65 97 45 17 20 41 27 44 97 79 100 36 53 14 70 38 28 59 13 92 62 70 11 18 57 61 32 81 11 35 80 60 27 2 39 5 89 20 
24
80
81 69 35 62 23 88 52 20 62 19 53 11 9 31 92 50 16 98 10 22 25 50 18 81 54 24 18 62 93 97 39 75 68 83 97 59 100 51 44 98 17 25 71 49 11 4 62 34 23 55 30 14 15 100 45 80 46 69 95 45 98 46 18 70 21 74 29 95 27 92 64 7 79 84 55 17 96 45 14 1 
2
94
96 83 70 62 59 40 54 68 49 44 13 46 20 45 4 97 42 72 4 28 37 80 42 96 42 91 66 21 52 23 37 71 22 97 63 73 7 20 91 66 100 3 47 48 90 77 3 53 1 93 52 25 80 53 28 56 11 44 66 93 85 71 1 3 25 46 41 67 80 64 76 37 11 61 10 71 82 3 70 63 29 67 17 51 12 87 38 82 91 96 93 17 44 99 
15
44
43 61 28 39 35 41 88 31 13 17 17 22 89 19 86 68 42 27 86 49 92 26 27 66 3 100 20 84 23 49 25 91 83 41 61 32 45 11 56 31 57 27 37 34 
43
100
62 43 2 81 36 41 74 68 3 58 23 42 50 66 48 90 5 39 87 23 50 48 70 11 73 49 91 15 52 42 67 44 50 52 6 87 3 45 98 70 51 61 68 72 93 7 61 68 96 17 27 59 57 88 56 73 27 42 57 22 49 73 33 43 88 16 84 49 81 34 97 72 80 69 13 61 67 22 47 94 53 85 29 36 10 15 56 61 71 49 19 69 35 65 35 79 70 9 40 42 
41
11
33 51 4 12 25 79 28 32 67 51 31 
5
16
4 36 38 81 34 1 62 15 49 78 11 73 45 39 84 2 
10
77
88 56 98 34 36 32 98 21 20 28 28 89 46 61 43 14 29 68 38 75 10 33 47 69 29 85 88 1 17 11 89 75 55 91 16 6 11 6 25 56 12 75 75 19 10 20 46 66 57 82 17 45 83 9 80 14 54 51 82 73 77 20 6 20 84 49 51 30 54 78 55 16 83 5 86 4 45 
11
34
61 51 37 56 21 64 55 67 51 60 23 21 49 30 34 4 3 31 60 42 62 84 80 53 75 90 13 12 96 93 90 77 53 93 
16
44
58 1 9 18 84 99 77 43 92 54 62 39 74 28 33 97 9 99 1 54 61 24 53 88 25 55 89 84 34 21 85 53 67 95 14 53 55 73 95 71 55 87 1 1 
7
11
44 94 47 82 84 97 26 97 33 94 25 
6
44
60 21 75 6 76 53 18 13 43 27 30 66 87 19 4 43 20 32 56 45 10 73 28 32 79 51 46 31 35 96 11 85 34 65 57 46 41 75 50 79 81 6 78 15 
11
70
8 7 81 79 86 96 71 79 95 51 36 72 62 36 55 76 67 9 87 85 15 81 88 33 48 68 70 75 32 63 90 78 54 96 78 4 37 33 31 54 86 12 41 37 49 15 62 55 7 25 18 25 61 97 58 83 36 87 40 61 80 95 12 32 99 81 85 17 2 43 
48
6
48 38 45 77 6 2 
6
100
25 63 27 37 6 90 3 68 18 3 96 27 82 75 4 69 69 4 56 90 75 84 17 99 6 20 22 14 31 20 91 12 4 88 27 92 23 87 27 87 23 66 80 85 84 68 68 49 60 13 49 78 29 14 20 61 8 54 53 84 54 17 18 10 31 45 82 15 33 92 52 74 68 57 63 34 62 98 8 48 56 19 71 63 14 54 99 46 13 2 32 92 92 35 84 30 27 32 63 38 
20
64
3 18 51 70 66 29 96 24 79 72 80 80 56 25 82 72 62 79 85 85 91 90 32 2 6 60 9 91 39 89 69 7 26 93 62 6 100 70 56 45 59 6 65 2 61 41 38 93 29 99 28 95 61 77 36 47 95 97 74 28 87 99 24 1 
17
25
31 3 33 13 29 31 39 77 48 78 90 5 17 37 80 38 35 29 47 29 74 42 56 21 7 
16
29
35 83 46 32 66 85 88 84 14 55 73 49 47 96 41 43 72 79 75 37 13 70 60 34 50 77 69 27 9 
5
84
79 60 3 33 82 35 47 49 39 95 4 67 99 37 51 47 89 32 39 17 61 58 66 18 18 48 23 12 35 59 97 66 60 15 42 42 43 20 46 38 91 29 62 13 54 64 100 84 64 5 14 23 84 66 58 8 61 42 38 71 80 49 4 72 85 29 21 71 46 62 61 97 13 59 56 47 26 10 78 1 96 63 1 37 
45
71
36 48 68 84 34 6 41 15 77 1 6 52 12 74 52 35 85 9 46 36 92 95 93 18 82 67 52 75 74 44 14 38 20 29 94 15 58 3 9 60 63 62 73 15 48 42 41 58 16 73 17 85 31 51 50 8 25 54 14 78 10 64 10 99 63 8 74 42 78 65 47 
58
82
65 23 12 63 96 26 32 73 6 82 96 77 81 73 19 4 42 75 75 42 50 9 92 86 18 77 39 90 29 72 28 6 43 87 9 56 12 91 2 37 67 91 34 98 53 21 79 97 52 62 55 29 37 52 41 22 8 85 76 46 7 62 81 75 96 26 79 73 67 57 44 17 10 86 85 68 89 51 98 88 3 88 
33
62
90 37 51 1 6 99 70 12 52 88 57 29 58 96 60 27 14 71 77 38 59 11 19 42 48 63 85 11 96 22 53 79 97 14 39 50 6 70 65 50 52 76 44 64 96 31 38 29 78 19 99 61 9 60 77 41 24 78 93 21 17 89 
12
35
76 14 75 23 85 50 30 23 43 86 50 21 26 53 55 55 80 65 50 20 51 41 90 77 81 23 82 97 73 95 83 45 11 100 63 
19
39
76 90 28 52 22 88 93 60 12 45 31 81 17 96 91 23 68 17 95 2 61 19 56 49 72 58 23 12 47 38 27 39 72 80 49 67 63 83 61 
29
45
92 47 62 13 46 79 89 82 8 41 73 27 92 7 87 56 94 76 3 38 89 99 40 79 16 44 20 22 96 51 4 55 13 95 14 41 83 37 36 91 99 59 83 9 53 
8
95
80 77 66 25 95 10 8 72 12 4 45 13 31 88 24 64 39 67 29 67 70 30 6 99 35 24 6 55 33 89 11 79 5 46 89 81 29 74 35 89 37 65 96 54 44 93 76 92 8 87 56 34 21 35 79 19 81 51 96 97 91 9 97 3 59 45 66 88 18 33 84 32 76 86 2 25 75 28 84 20 54 42 47 83 54 83 92 10 42 56 74 87 82 70 7 
62
23
89 75 67 7 38 79 17 41 99 15 71 53 23 55 67 37 19 73 40 80 33 44 65 
4
9
3 70 86 14 71 9 7 63 98 
5
36
97 100 46 82 84 42 23 5 75 18 60 95 32 71 5 4 80 30 81 49 71 87 94 55 40 18 56 10 43 98 21 83 40 29 47 72 
35
73
31 66 31 28 76 78 53 29 5 85 42 15 11 42 78 14 57 38 92 90 60 34 39 16 68 64 23 32 40 12 13 32 38 8 91 6 17 14 76 100 65 29 70 18 35 53 60 25 91 23 82 98 91 72 72 99 75 7 54 63 21 55 23 75 66 2 39 92 100 89 97 37 4 
1
88
32 68 46 53 7 65 8 34 86 42 9 66 51 29 96 37 87 76 67 19 78 37 100 2 37 76 64 22 60 60 64 51 63 80 58 14 13 11 100 45 36 62 38 69 4 55 16 52 42 23 4 28 78 9 40 24 5 80 6 4 40 38 45 37 95 51 91 53 4 84 28 85 80 11 16 2 19 80 30 49 9 73 18 62 30 49 83 79 
11
95
51 98 12 81 22 53 83 43 28 7 20 34 98 12 58 45 31 27 17 14 86 78 18 15 85 1 84 20 69 95 86 49 92 49 17 68 39 75 66 5 77 22 73 15 54 16 79 20 7 46 21 61 35 32 79 37 62 90 91 100 97 15 47 36 87 97 55 39 45 9 11 95 38 72 66 13 79 86 29 27 20 21 35 56 90 28 31 57 65 66 42 19 39 74 21 
54
95
10 85 39 61 81 76 34 95 100 36 98 16 4 84 46 54 19 45 25 99 100 22 91 73 17 13 32 69 5 73 92 41 48 26 94 62 42 100 80 32 79 23 6 10 63 60 32 70 85 43 68 47 29 15 41 61 51 56 6 20 71 65 97 97 41 2 8 1 11 23 28 77 5 66 39 79 10 87 19 5 38 74 73 86 86 9 3 53 5 2 39 70 21 43 19 
91
5
4 84 39 34 21 
3
70
12 18 100 11 14 4 53 97 92 18 47 79 14 1 15 2 69 89 98 49 66 45 42 68 54 72 75 14 72 78 94 49 9 95 39 86 58 82 50 33 99 83 79 86 19 58 12 92 39 24 90 70 92 35 58 100 100 14 53 30 12 71 54 80 49 39 41 16 59 69 
54
24
28 36 25 59 3 21 17 73 96 60 51 89 84 64 61 23 96 42 10 69 3 89 80 87 
4
19
23 19 11 63 60 91 51 48 18 72 5 37 56 12 6 5 62 86 83 
10
69
20 64 33 77 35 20 73 49 25 39 32 65 17 50 11 15 16 74 73 2 69 80 9 95 75 49 52 91 75 71 1 58 68 28 15 78 9 50 81 7 70 38 82 66 50 52 27 6 65 76 44 95 46 100 72 3 29 71 35 62 37 71 27 50 94 66 86 95 50 
1
82
43 39 82 12 19 26 45 44 28 71 84 5 71 49 73 4 42 75 63 13 41 74 79 21 92 61 1 44 72 98 46 64 94 29 81 17 22 91 59 80 12 31 67 52 72 100 95 46 77 100 60 73 59 99 23 29 81 83 5 55 35 21 75 85 66 88 3 60 97 22 87 41 58 32 59 17 45 53 27 58 20 59 
60
64
49 36 39 69 10 58 36 39 40 76 90 30 88 5 12 12 54 51 85 38 94 99 5 60 99 65 88 100 87 78 35 46 14 58 79 60 36 28 93 82 44 97 14 7 89 25 35 27 63 6 85 36 54 65 31 1 91 2 87 32 91 85 85 88 
11
46
40 82 75 70 2 72 8 13 25 60 93 98 48 32 60 87 39 29 91 76 40 66 38 64 66 42 53 66 69 56 2 59 21 62 20 1 25 67 15 83 22 12 53 38 94 43 
36
57
88 30 1 5 35 63 50 36 77 3 42 40 63 56 29 69 6 84 89 18 93 77 17 63 11 28 95 23 25 16 1 58 55 100 90 12 66 84 94 66 81 47 38 69 31 83 45 66 62 22 93 57 64 78 13 93 15 
4
98
7 59 10 37 74 65 91 48 8 95 24 73 67 72 70 18 86 100 8 77 28 78 98 30 80 8 52 43 14 12 100 92 63 81 84 30 80 82 17 59 58 100 41 42 41 29 59 73 48 60 83 41 6 14 69 3 87 14 48 9 4 97 46 88 55 48 14 84 49 84 57 34 5 92 23 41 33 83 48 43 19 98 71 93 28 88 38 70 51 26 69 29 44 67 42 24 21 34 
37
24
73 53 70 68 16 62 90 56 8 27 95 85 72 43 100 87 33 74 84 9 76 100 83 2 
2
40
30 44 2 96 23 53 3 90 44 21 57 51 20 2 51 31 83 56 20 48 51 74 27 40 25 12 89 88 67 13 73 72 19 97 74 60 64 94 22 65 
29
29
93 49 1 36 94 95 51 29 72 93 59 12 71 98 99 10 48 46 62 50 65 51 16 66 20 38 94 85 43 
24
46
19 7 15 1 92 69 24 45 32 10 8 47 11 83 86 77 12 77 71 65 55 16 54 100 15 23 68 38 47 24 64 70 99 54 20 74 38 84 27 100 10 94 30 78 1 74 
36
99
77 28 55 40 98 58 75 11 67 81 80 73 64 19 87 29 11 31 22 80 66 22 41 38 15 97 78 45 19 7 6 25 10 67 71 58 68 36 56 63 4 52 83 27 82 45 11 39 48 76 64 37 99 73 78 99 17 53 56 66 28 76 24 29 78 86 83 55 5 45 49 86 96 17 83 97 42 76 50 55 89 94 89 100 27 80 4 97 44 39 81 27 60 19 84 4 58 38 77 
24
43
97 6 94 45 76 21 92 33 69 70 92 51 1 90 53 67 22 34 91 47 83 35 27 80 45 42 96 6 98 21 26 75 10 89 71 70 65 38 2 68 4 2 67 
32
6
81 41 51 8 59 97 
5
89
40 71 78 98 89 65 48 49 50 26 71 19 4 92 99 97 67 93 94 57 84 79 30 87 94 17 31 10 95 8 36 93 68 65 86 36 6 70 6 95 72 59 81 20 70 60 2 28 45 23 15 95 38 99 51 55 98 18 20 12 55 54 47 48 58 56 21 39 48 75 38 93 3 14 92 28 96 74 35 55 55 89 49 95 51 94 87 64 46 
57
48
86 51 74 84 21 77 83 48 44 45 89 8 18 26 50 97 75 1 17 25 24 90 96 8 92 1 77 90 2 47 87 44 97 18 25 29 28 92 63 74 1 32 20 83 46 76 31 98 
7
51
75 60 83 44 46 98 48 100 74 22 86 62 74 62 25 62 7 88 84 76 93 64 57 12 62 50 68 45 88 23 64 6 76 25 39 25 64 53 48 57 25 82 89 24 49 96 20 35 17 33 91 
18
82
84 64 27 5 63 24 18 11 77 75 35 55 45 59 98 35 86 17 77 4 69 84 85 68 52 77 34 26 64 33 57 10 62 10 71 71 9 63 33 57 14 14 100 45 67 81 45 79 68 72 73 67 61 19 89 49 32 39 26 84 97 14 93 9 87 80 16 66 8 33 62 89 35 82 8 96 56 61 63 38 31 87 
12
25
21 17 64 17 43 22 98 49 79 6 60 65 22 36 69 75 28 89 22 40 10 49 67 10 23 
9
70
2 3 89 94 29 33 99 47 84 29 70 28 36 24 35 63 54 42 28 54 63 31 28 5 99 27 23 77 12 77 16 46 50 53 81 17 18 57 31 29 44 38 27 89 100 79 80 56 99 8 22 15 14 43 54 42 23 63 36 38 37 99 10 9 14 77 87 25 42 9 
69
28
3 3 41 70 37 10 8 11 45 53 66 50 89 50 59 83 78 83 61 90 48 44 57 92 82 100 18 33 
12
73
5 71 25 51 91 24 11 16 26 25 73 98 62 61 10 15 39 7 97 64 45 73 75 66 100 62 10 2 75 4 47 26 97 48 10 44 40 48 11 70 60 49 26 98 83 42 72 23 27 55 71 38 83 11 83 71 76 63 67 78 61 36 99 5 9 21 94 31 7 77 24 78 61 
25
69
6 5 78 73 53 55 88 61 70 97 31 61 88 33 77 7 11 33 85 96 80 42 20 71 42 73 11 45 70 36 15 64 62 57 78 78 70 39 74 33 56 58 94 37 75 74 16 58 79 70 3 65 66 57 27 46 90 7 62 96 13 1 11 88 15 14 33 100 47 
63
93
25 39 20 59 20 44 24 37 47 84 67 12 59 54 100 2 11 15 15 31 90 50 61 52 52 59 100 91 13 6 58 72 30 64 87 68 68 10 18 80 37 7 59 92 78 66 55 30 40 34 21 7 100 61 15 31 64 4 19 69 83 92 75 44 14 48 1 60 72 67 27 37 100 84 62 1 20 42 10 89 22 37 64 89 68 56 86 82 10 64 18 78 28 
60
61
32 48 78 56 7 80 90 91 37 12 11 46 20 47 42 62 48 2 88 29 36 30 83 76 85 57 76 66 83 7 19 17 56 72 31 39 76 32 60 92 64 67 75 32 15 88 82 36 88 64 67 93 44 71 69 46 88 89 40 63 81 
13
33
80 70 87 27 91 16 27 18 46 95 25 7 7 40 55 89 36 48 27 26 10 42 3 84 18 66 61 85 72 5 58 22 69 
6
64
98 99 67 14 35 16 70 79 58 77 44 95 83 20 96 71 76 4 19 67 28 9 91 77 64 81 60 41 64 76 12 75 87 8 3 9 18 61 73 52 10 31 22 59 85 92 26 85 98 2 71 63 46 84 43 5 66 80 72 23 86 78 59 73 
46
66
88 33 34 95 56 10 95 37 80 1 50 36 79 47 76 82 76 2 63 34 28 98 60 73 75 88 31 72 74 62 7 72 63 83 59 89 74 9 61 67 29 98 21 53 88 20 59 49 95 83 53 84 39 59 61 10 12 94 16 36 49 18 7 90 64 14 
39
80
48 68 39 39 1 97 16 44 51 78 46 43 94 2 21 20 28 16 22 43 65 22 32 16 35 27 35 42 50 62 83 14 62 53 56 86 95 90 28 2 25 57 97 58 95 70 22 46 12 33 50 11 16 71 62 35 53 43 29 57 72 84 100 22 72 7 59 56 43 8 66 40 49 30 65 97 47 78 94 61 
77
42
46 50 21 61 27 31 21 81 49 32 58 21 37 2 47 86 73 28 4 42 6 38 90 5 61 50 33 66 28 68 30 86 76 20 22 67 53 19 22 26 52 22 
9
89
66 41 37 29 74 59 83 94 72 13 14 52 35 91 83 30 50 99 83 26 56 67 70 84 68 72 80 72 85 57 100 95 97 56 57 56 100 56 69 47 50 26 82 54 89 12 36 51 36 73 49 23 75 6 88 7 20 39 71 83 12 76 22 82 9 63 9 82 75 67 12 59 13 96 69 81 11 68 2 46 54 75 72 80 32 28 48 41 23 
67
60
83 61 93 86 88 99 68 17 63 65 9 8 91 82 54 16 89 36 57 71 49 24 60 96 100 4 32 76 35 26 5 52 67 95 90 76 40 55 82 93 67 56 5 20 48 8 17 95 45 30 18 32 10 7 86 50 61 39 84 83 
27
11
11 86 40 12 25 98 72 63 70 29 63 
7
61
21 54 77 83 9 81 2 66 25 28 17 62 41 30 70 2 22 15 94 39 35 77 64 77 44 59 29 10 8 44 44 51 65 51 44 57 11 65 38 33 12 2 62 35 90 85 56 58 69 86 8 40 45 12 11 3 73 92 29 92 49 
41
79
58 75 17 89 100 52 1 61 51 80 6 8 92 79 82 54 17 23 34 34 28 89 54 88 36 30 59 87 31 67 26 22 97 62 12 1 100 51 58 18 55 64 100 63 87 29 27 2 93 46 27 17 65 55 18 5 92 77 69 75 12 66 45 27 96 72 57 83 73 91 15 89 5 94 51 95 100 4 89 
35
31
8 9 75 77 54 92 69 14 58 87 41 55 53 94 62 94 51 23 85 85 42 41 21 39 75 88 66 17 41 25 66 
3
79
10 54 84 50 24 33 30 84 3 55 9 79 35 71 52 37 59 60 3 6 91 91 51 79 85 100 30 95 45 62 89 20 83 88 64 23 34 70 51 48 21 89 68 100 90 51 10 81 35 50 64 86 35 89 93 76 56 68 70 23 83 32 55 32 59 99 40 51 52 65 76 58 75 18 16 74 37 54 47 
70
19
88 77 86 3 29 1 78 90 4 63 84 12 90 6 94 35 16 90 19 
16
47
39 99 72 43 91 69 25 19 83 87 56 33 48 31 66 86 44 16 1 40 8 68 72 11 63 54 82 19 82 53 81 21 67 23 53 44 77 7 22 25 97 21 27 26 24 11 31 
25
10
41 7 73 82 43 25 98 100 32 80 
1
38
76 88 66 72 60 89 56 25 27 82 68 73 68 57 76 68 56 69 28 83 45 34 49 68 42 38 69 1 50 75 92 9 96 48 6 67 52 92 
26
93
76 36 69 69 82 9 59 62 27 65 26 11 10 42 83 14 57 90 78 48 86 70 29 10 12 77 50 1 16 59 50 12 24 17 99 14 64 74 58 22 44 92 8 19 87 81 90 10 69 100 52 24 59 26 44 31 47 54 33 27 34 37 6 81 4 99 35 28 50 95 17 56 25 12 52 5 90 68 54 93 3 89 63 47 31 3 16 9 10 31 90 86 60 
12
48
82 74 66 41 69 35 12 22 30 63 98 26 36 23 89 12 76 1 56 15 28 39 16 68 15 75 68 54 29 60 30 89 26 12 9 65 98 11 36 10 72 19 92 7 77 30 28 72 
3
31
87 63 58 48 21 83 63 96 100 80 49 73 28 90 13 28 42 78 82 40 45 2 89 44 69 14 42 66 23 47 37 
31
87
53 7 36 23 56 46 34 25 88 48 97 9 88 32 4 48 19 9 41 8 56 25 25 47 65 69 1 39 23 46 30 30 89 66 98 14 58 95 19 9 44 27 4 30 83 74 59 45 80 34 14 26 53 24 58 7 69 24 40 76 40 52 16 53 25 99 72 27 31 72 34 34 48 98 70 14 40 77 40 83 7 52 79 11 3 36 40 
38
30
26 74 94 15 75 33 50 81 30 2 25 10 71 24 53 66 26 46 97 9 89 34 60 28 91 46 81 78 40 95 
13
78
1 58 67 73 17 67 10 85 47 13 9 67 62 27 81 70 90 36 88 80 66 13 69 12 33 7 78 66 86 17 73 48 55 1 65 13 64 65 69 39 37 20 51 78 51 36 6 16 75 15 63 60 84 95 63 43 60 57 19 56 79 41 26 45 78 100 49 96 19 12 97 10 44 56 58 23 60 80 
22
42
83 63 81 68 83 34 52 25 24 32 69 46 66 44 55 65 72 85 8 60 54 37 100 48 53 28 50 99 47 33 22 80 76 27 21 68 39 36 22 14 44 81 
15
73
70 59 50 25 98 93 6 55 91 35 52 26 94 99 73 70 35 52 22 24 36 10 52 14 46 1 76 68 21 58 85 66 31 26 43 28 57 69 64 10 7 23 53 7 79 95 37 35 75 29 37 84 60 79 23 31 45 83 3 27 91 39 5 41 84 61 32 44 92 87 61 19 63 
13
12
38 58 29 66 19 34 79 90 93 65 5 77 
2
60
86 77 22 90 67 62 94 54 57 28 25 11 4 64 56 59 34 35 61 3 63 94 100 4 47 76 28 38 22 90 43 58 71 70 94 51 18 2 41 84 95 32 33 40 32 79 10 14 21 98 59 14 88 64 47 38 44 52 57 92 
12
46
61 61 6 98 59 25 96 78 73 80 2 36 10 3 35 30 55 73 2 58 21 54 26 71 93 13 2 51 11 58 46 8 20 45 21 89 78 26 51 89 38 84 15 48 54 17 
27
67
29 31 64 59 34 5 63 14 28 14 61 17 85 100 52 62 100 90 5 81 66 1 20 58 49 76 77 39 35 27 75 80 58 94 51 34 100 52 4 87 21 45 76 69 57 52 51 34 28 45 19 34 22 25 96 25 15 94 63 22 27 49 57 75 85 54 98 
23
75
92 55 84 61 66 50 88 40 86 3 64 31 24 33 79 77 24 22 73 100 86 21 50 72 55 82 31 39 99 80 86 37 65 25 36 30 55 96 31 49 95 31 100 13 19 95 85 80 18 9 70 1 81 47 42 62 66 52 13 22 37 90 75 79 12 62 69 95 92 16 66 4 14 52 8 
39
45
19 53 98 89 78 46 61 87 79 33 49 88 43 99 22 53 41 48 25 60 3 88 31 70 15 38 50 54 47 16 29 1 100 35 43 85 28 86 96 17 19 48 83 55 81 
16
53
93 94 48 69 27 58 90 61 33 28 53 6 69 39 79 79 76 55 78 34 29 30 54 56 36 79 4 70 12 44 8 9 61 13 68 43 57 14 94 31 35 86 93 37 43 11 71 64 54 86 92 67 73 
25
43
4 35 52 31 58 12 78 55 73 55 38 35 11 77 66 3 98 29 95 54 52 7 40 97 79 59 71 46 23 67 70 32 24 28 10 30 48 48 55 88 9 19 88 
5
80
81 73 88 57 73 45 5 27 77 59 38 71 24 80 83 99 50 95 10 56 79 20 38 27 98 43 46 11 25 92 34 46 35 40 97 81 71 46 80 51 14 45 15 96 83 13 69 59 75 11 74 49 47 98 38 32 8 5 79 65 72 39 63 61 16 18 89 90 32 85 89 3 22 30 78 93 89 66 56 11 
43
21
85 44 62 73 76 30 88 26 43 36 26 55 68 22 61 43 97 49 55 8 54 
10
55
39 25 82 53 22 80 19 23 71 40 83 20 88 16 35 45 61 36 82 63 7 32 85 58 83 8 87 43 35 73 46 52 48 40 93 16 63 81 23 47 50 68 42 13 19 13 36 29 6 47 94 58 28 84 15 
28
27
73 37 34 84 10 34 19 77 61 19 37 13 40 99 32 50 54 82 70 21 15 62 11 3 33 58 86 
20
56
42 69 76 44 13 69 40 1 61 99 95 67 84 12 1 58 33 73 99 82 40 35 100 85 68 88 63 26 40 50 94 57 62 92 98 34 97 72 30 99 8 96 63 99 53 19 51 39 31 27 3 11 28 67 9 53 
22
9
10 61 8 42 41 96 47 28 59 
9
68
63 38 32 4 9 92 97 52 79 99 17 44 5 16 71 70 58 70 92 35 9 62 23 59 14 94 94 90 20 19 42 33 95 34 92 74 3 30 66 20 55 30 96 22 94 28 81 58 86 17 17 41 27 27 36 94 91 12 55 68 86 29 64 12 15 37 47 13 
63
77
68 88 64 46 22 94 1 84 3 33 87 73 10 59 65 29 54 98 95 10 37 39 66 66 5 23 48 94 81 82 55 16 37 74 24 53 70 74 27 32 7 94 54 39 70 16 35 55 100 55 4 65 67 52 18 88 41 3 11 94 53 33 76 81 20 16 16 78 73 84 57 86 74 30 61 23 89 
1
13
30 12 92 28 38 65 94 13 14 86 54 45 97 
12
57
8 40 42 16 81 7 55 15 86 21 13 73 9 78 49 22 95 18 26 33 17 32 5 54 77 30 32 12 82 95 80 48 62 9 98 21 35 52 10 2 60 90 12 86 3 80 54 93 33 45 74 95 89 67 97 14 45 
10
8
44 24 95 51 19 20 87 69 
2
15
42 88 28 49 69 6 68 49 20 72 45 32 49 18 99 
13
82
87 66 46 12 49 61 59 29 92 5 76 19 58 74 30 32 18 57 41 24 77 83 75 28 14 61 12 53 100 6 49 60 96 55 9 83 40 72 97 86 58 25 99 80 64 64 85 51 51 81 63 2 75 23 86 18 36 35 88 66 18 86 32 89 73 45 94 38 14 46 27 71 83 45 22 94 65 65 67 60 27 5 
23
55
67 84 30 57 61 59 66 6 35 99 25 30 75 6 57 54 34 10 8 89 18 83 56 60 38 54 3 47 72 48 100 72 3 78 1 66 30 30 74 48 4 14 9 24 75 38 25 33 65 67 76 55 88 29 33 
14
98
28 26 38 15 74 98 63 20 63 63 35 75 91 9 5 20 46 37 18 93 8 8 82 95 43 82 25 84 90 63 64 67 59 61 40 32 45 8 37 59 99 95 77 25 86 18 17 99 18 42 19 53 17 32 21 57 55 53 57 76 68 29 92 58 69 52 5 14 98 33 30 17 33 69 91 25 46 100 83 84 53 59 71 64 91 96 11 99 6 80 94 49 53 99 4 97 31 94 
17
66
53 64 42 13 4 44 64 89 2 26 10 70 80 88 55 26 99 54 8 64 4 22 70 64 50 66 34 63 96 9 13 13 39 73 8 87 74 92 90 75 19 1 82 57 81 69 21 60 94 25 50 98 6 51 50 50 23 11 43 48 40 32 18 62 49 32 
60
30
91 48 16 83 53 30 64 32 50 89 36 68 80 25 55 86 92 7 82 12 69 91 33 56 45 33 11 56 19 63 
30
11
62 80 14 84 43 27 27 67 80 9 64 
2
5
23 56 14 53 87 
5
72
18 59 78 14 97 56 16 74 33 7 28 68 69 90 76 66 15 40 92 53 80 22 68 15 60 28 56 49 17 54 57 28 53 95 91 10 11 86 17 51 48 15 34 8 95 37 38 12 20 1 9 46 11 32 37 7 60 92 9 51 87 74 6 48 57 76 10 67 86 45 95 18 
40
77
19 7 84 86 21 99 93 3 57 53 51 57 37 67 72 49 22 9 18 79 10 75 89 63 7 26 74 6 98 73 50 55 55 74 23 79 9 23 41 4 62 30 81 59 93 9 22 66 90 95 5 48 5 69 81 17 30 64 88 36 27 75 46 69 23 20 47 37 38 48 49 51 55 13 100 2 86 
71
16
31 51 55 8 23 87 69 58 34 58 38 25 64 51 62 93 
13
87
51 74 82 23 84 21 32 39 68 63 29 85 44 60 59 63 14 93 43 50 81 88 13 94 45 14 72 50 96 43 11 77 95 62 85 2 84 34 55 92 73 47 66 96 28 65 24 13 13 3 6 42 86 56 46 72 18 99 15 76 30 17 3 18 46 87 40 6 73 27 46 91 18 34 55 41 12 1 20 48 66 51 51 52 87 57 27 
86
41
31 58 48 5 19 75 67 36 55 63 57 92 10 79 61 37 28 4 60 86 32 40 25 47 43 76 16 63 26 97 11 78 100 51 60 64 59 21 81 31 33 
6
89
80 1 26 49 56 94 74 41 86 54 88 1 99 19 68 51 58 77 3 65 65 86 13 28 2 11 35 12 59 3 51 91 69 83 35 21 77 17 76 67 55 61 8 29 66 27 67 14 100 84 91 47 73 31 56 49 29 88 53 26 47 49 93 86 11 92 27 94 76 98 5 99 20 37 44 95 55 13 52 88 28 75 19 10 38 43 22 97 67 
43
27
42 3 60 28 16 28 28 31 75 34 58 95 74 3 73 23 70 22 41 51 85 66 52 95 39 2 20 
15
34
69 25 3 3 5 64 33 75 89 85 27 43 92 85 97 36 48 8 63 93 75 43 77 87 1 44 45 32 71 2 92 42 61 79 
27
71
29 86 24 45 6 19 30 46 24 92 84 87 81 93 3 76 17 82 89 99 1 77 94 16 15 48 76 12 12 77 7 38 92 27 26 75 61 26 85 24 46 7 83 63 88 88 67 31 98 49 80 34 53 73 91 81 76 34 3 7 30 99 96 78 26 75 75 71 58 57 98 
43
42
85 28 39 26 73 40 33 5 87 85 23 20 70 39 47 15 80 89 93 75 63 90 10 73 34 41 22 96 51 89 54 6 51 38 54 48 94 80 93 68 26 20 
21
39
74 64 44 71 4 60 73 10 82 94 90 9 83 75 44 69 97 62 20 49 57 26 68 65 26 52 68 95 64 41 5 13 26 2 27 58 91 72 52 
25
44
18 32 91 58 84 50 92 18 14 15 73 74 26 31 24 66 81 90 34 52 30 74 81 7 17 16 78 2 51 31 26 5 51 51 28 58 29 50 51 79 57 85 10 8 
21
96
16 50 40 21 54 20 7 44 51 54 33 52 60 94 60 17 74 40 52 28 76 78 48 68 79 27 73 39 79 30 55 36 7 93 55 37 57 17 66 39 1 13 7 87 31 72 94 67 2 77 71 7 66 65 7 90 52 49 87 49 60 49 77 5 94 57 38 29 11 84 37 76 89 8 8 95 100 68 94 49 3 82 97 9 45 3 69 37 20 57 71 76 97 93 32 10 
82
45
47 35 9 49 68 52 92 40 43 10 79 37 94 36 55 68 27 81 49 17 96 56 53 98 70 18 29 28 81 17 11 3 67 99 57 42 41 48 67 11 84 86 20 88 81 
8
