12
94
92 22 51 13 41 32 6 86 18 11 50 23 25 30 7 84 77 36 14 31 50 18 60 83 82 19 34 7 96 39 10 13 11 74 86 30 54 48 17 76 6 2 48 43 22 38 19 82 57 11 54 61 97 4 42 55 3 38 26 24 45 11 97 8 57 61 95 99 34 19 9 3 60 43 4 57 57 55 56 32 89 53 65 83 100 41 27 9 90 27 95 10 8 32 
24
39 18 91 73 67 70 90 51 12 86 52 77 95 30 38 15 43 73 21 97 60 68 42 55 
46
34 37 43 72 40 23 20 1 6 86 81 93 61 5 95 10 28 61 68 91 53 31 66 73 82 89 78 64 11 28 34 61 52 15 32 51 64 88 95 13 53 40 75 8 7 92 
58
5 58 41 62 1 57 9 45 23 59 15 56 53 50 37 38 15 5 33 34 52 76 63 17 18 20 98 61 97 30 74 21 70 4 29 87 41 16 41 63 62 47 35 68 68 45 37 27 92 24 41 5 96 89 97 51 18 47 
70
78 10 17 7 83 25 96 2 3 57 99 84 52 63 48 88 30 52 54 85 91 3 80 40 85 99 97 60 10 26 15 55 3 98 95 38 100 56 38 62 11 10 44 100 27 79 95 54 61 2 17 91 27 15 61 83 23 74 58 69 33 55 38 11 80 69 19 93 80 49 
10
49 92 98 60 1 75 29 60 34 20 
38
61 24 30 99 87 9 23 61 12 44 85 15 79 28 77 75 94 88 85 53 74 84 70 92 53 12 72 25 84 35 78 89 32 32 15 5 46 86 
25
78 19 91 88 52 92 39 64 20 22 64 71 68 56 28 95 3 76 66 23 11 28 99 9 45 
55
91 65 62 48 92 88 3 21 99 71 1 92 53 24 97 68 50 41 57 83 77 57 73 7 21 25 32 54 43 9 70 7 77 2 2 18 16 44 72 30 79 47 67 38 14 78 44 58 47 34 87 99 71 24 91 
48
1 59 30 28 34 38 95 41 67 82 13 2 86 16 12 43 12 17 32 60 84 43 31 95 39 28 86 86 36 1 34 45 66 3 60 48 78 91 7 2 64 15 14 3 18 10 91 78 
35
97 86 91 47 12 68 8 31 78 35 9 47 20 31 57 100 73 38 3 47 87 73 90 39 16 49 40 94 12 97 42 30 71 86 40 
48
61 41 16 7 74 77 88 20 49 56 12 31 90 4 45 22 90 87 45 13 70 21 36 63 8 43 13 83 66 33 81 41 77 70 29 21 24 59 99 20 31 43 18 76 65 22 98 60 
