787
243628
739987
42662
235086
680948
930786
814446
55052
53321
293357
741215
459650
868653
734100
252485
463488
558435
962834
436193
804519
164368
23937
720329
189274
66958
698542
920296
191510
79611
950191
81468
352166
13961
220117
594264
552915
385666
43377
388183
791277
274595
153360
621557
72163
479353
969706
175421
248892
13280
123479
432716
296129
677554
463478
278173
677869
916750
808847
989547
185484
413182
565687
707505
864044
908594
209179
469289
419507
555220
547737
370402
805053
692973
632025
278915
521760
325514
149196
668570
536956
725141
151501
559740
623025
534954
8473
261379
350092
456454
543146
592470
927922
111715
415339
528066
585559
951505
948823
762865
201602
144197
764188
514391
453725
225042
775577
998163
842927
911346
336951
398873
566180
896340
582333
834425
360551
622981
294569
763783
122540
8666
958361
524959
318291
842813
5929
206033
943492
111497
647412
849975
66205
816785
93165
73138
791509
953164
421414
537630
823788
179419
822238
359385
670622
381550
457665
456612
931681
760792
717701
47376
46670
300523
223391
990442
338302
466832
530551
430111
179419
779743
121615
253613
637815
455557
938067
198743
7973
665515
402207
59760
225829
81948
604565
331187
280870
290328
92048
801991
389245
334076
481945
66720
872277
128748
948206
655548
396645
733170
478962
501740
475683
497320
688017
762952
905650
920264
878109
591832
116508
646123
1000001
311782
253624
402086
129030
595307
175018
839656
89500
665259
448155
178841
897367
243361
860969
274689
762953
955769
923711
226556
497940
172010
331375
932752
304716
801505
380875
56622
91172
400972
892809
714912
650321
56369
274561
825210
271675
894627
979645
456482
610099
753289
767633
715210
927878
490240
849646
669351
147057
651125
216319
563340
501627
728576
188307
109547
962924
45296
503825
955102
26657
372086
63350
517734
896267
752302
788571
260214
574834
645802
920791
130260
886591
428292
483438
331200
989080
486114
563976
808444
508321
631827
532442
837780
31888
332570
306990
883735
328570
291015
301236
459720
328335
247864
743860
66413
592621
485140
647853
410793
732489
401168
824933
15482
990992
700980
990089
16520
996124
199962
181867
417417
512028
973944
435936
318332
868659
605514
892611
671409
633904
574188
293469
926823
7198
417181
127799
528783
359945
147876
526601
596736
325616
560666
369962
284226
851183
473735
973095
246354
661559
665406
146952
366498
660047
245063
391264
393939
890297
466241
471008
426264
819094
537340
651738
233881
864313
814508
424839
268727
288684
871606
640729
825214
807543
333744
586157
228690
517518
33766
691181
115156
43181
5122
232059
835734
119926
59955
608225
770322
183936
217799
514649
867136
923829
48157
605335
38275
163669
69328
49333
136214
893270
706195
717600
112068
739297
951282
607168
613731
679425
796277
508513
720432
341887
705251
852688
730028
804002
886240
136677
916265
405835
884373
318606
955539
728923
67653
98857
286087
555034
905549
58799
7342
316217
550933
215753
53100
274956
127499
670985
279405
432004
297631
676926
796534
949529
139820
630491
344180
698496
100049
211268
759909
391730
798196
126532
623206
647915
768332
699434
970886
246805
790916
842392
574374
782231
335208
794625
645359
897004
771868
370918
993508
292630
438516
368150
598449
746759
345151
206746
277927
442619
291691
846160
635036
17187
436462
506641
749630
868667
902353
753953
142520
428855
836430
59382
385778
302303
449165
34282
358435
401678
951035
156577
554113
467557
977103
956039
35583
650887
44275
305835
600978
157671
821313
679754
477362
307954
508243
977679
389597
744973
419694
796288
165907
945392
945759
827630
136266
627817
424370
405144
455741
134321
100726
84841
142107
368516
272215
548791
55559
413729
921350
48718
268057
526146
624568
69420
270823
800310
291401
884906
250733
438154
336314
204523
229817
217804
214653
162066
206833
454650
864479
487712
565809
474737
487665
820841
923734
379319
276492
771182
277996
669460
146069
516412
783940
120829
268276
436222
743869
151417
219501
526066
421035
808662
852321
108180
105669
417516
580354
663164
454796
877272
625893
442295
503576
572536
921490
888933
903133
872461
779550
796789
878306
232466
148082
563468
118496
983899
256091
859644
315746
999674
718730
527371
346416
557684
720133
545447
156313
888835
721018
455420
253834
92848
248433
728734
341674
332493
716662
173678
24876
475718
901149
630217
721479
645192
641401
881446
871723
456033
584163
922317
292790
75068
294803
469474
58242
618738
862643
870403
594827
821810
205123
375826
784026
355341
635995
76132
731714
649893
904382
670813
526507
588752
834357
639324
745874
975998
898822
312390
688791
255505
546802
804747
314716
559522
869885
763443
650871
799280
241384
410242
993297
175076
890883
412350
571890
179612
987218
702577
475585
895886
694506
488233
541083
149711
838712
337450
597005
867010
276335
412309
925075
807288
792141
630039
50905
697251
369502
776744
9192
672301
974691
372508
41614
848709
575666
392410
280424
795522
976148
784874
346734
652841
187457
96966
949709
651833
483388
415644
511334
831968
987537
264650
561203
822158
627806
58624
146694
655112
559451
209209
786165
717934
705866
2310
556259
107077
895405
921351
749139
852035
182903
178265
161460
699689
336139
832147
484083
410044
140356
24888
450059
804081
128051
543777
368087
125790
576573
132989
419665
632953
132724
719022
630357
715049
221344
989559
739090
251694
474013
570922
284109
371315
774334
386159
100200
247285
157853
643999
79030
77560
727554
